520	1014
451	782
360	908
326	568
341	812
509	1044
373	784
356	843
574	987
399	700
423	845
509	1044
313	1140
326	568
399	700
493	1040
278	487
574	987
399	700
399	700
327	930
219	1156
399	700
433	987
399	700
399	700
399	700
109	1186
394	1114
423	845
423	845
399	700
240	538
399	700
109	1186
424	817
142	1018
502	1057
357	1031
345	1048
437	967
370	1088
319	792
458	1054
380	661
399	700
394	912
252	686
509	1044
177	567
520	1014
327	926
331	1015
455	978
324	905
480	1034
479	1017
552	1062
448	763
276	892
478	1116
399	700
399	700
232	525
259	691
360	908
364	875
219	1156
399	700
399	700
520	1053
372	764
361	943
519	1039
423	845
509	1044
372	805
452	844
179	1135
379	830
509	1044
360	908
395	910
252	686
497	1042
372	805
346	895
261	1035
382	943
208	935
334	880
399	700
337	1088
560	1062
399	700
399	700
352	805
416	841
219	1156
460	1038
325	979
473	1057
457	998
475	1116
467	988
268	1017
338	766
399	700
399	700
375	889
326	568
372	805
329	1002
399	700
452	1048
214	846
494	1000
433	1050
360	908
194	1148
370	610
252	686
411	1118
423	845
164	623
495	1044
326	568
280	855
305	830
392	1053
449	973
354	794
458	1041
310	729
541	1058
360	1025
544	958
392	1101
519	1039
260	1100
423	845
423	845
326	568
261	481
326	568
541	913
285	800
360	908
339	996
201	546
338	766
449	1013
569	973
414	808
461	926
311	790
399	700
423	845
574	987
204	556
399	700
237	1130
340	656
451	782
399	700
520	1014
418	1049
252	959
249	544
519	1039
239	527
399	700
377	707
451	782
477	1055
325	830
478	1047
399	700
208	551
519	1039
357	804
415	1015
447	1042
423	845
432	1071
378	973
314	559
329	789
469	1011
523	1107
372	805
109	1186
231	529
526	1109
440	1016
341	999
507	1117
374	1012
391	830
458	1054
505	1091
238	1155
360	908
309	831
281	1069
396	1012
289	757
234	606
190	1082
480	1044
372	805
372	805
399	700
399	700
519	1039
248	839
262	1050
494	1113
280	855
267	358
327	930
509	1044
389	1110
294	1086
382	663
398	990
310	729
275	1025
579	1067
372	805
389	820
432	1071
423	845
191	559
568	879
519	1039
394	1054
360	908
520	1052
324	567
450	962
451	782
475	1084
520	1014
329	798
360	908
405	1120
410	1121
245	255
570	916
383	671
399	700
398	990
422	1064
195	555
338	766
399	700
522	1065
399	700
399	700
282	825
280	855
405	1121
442	1076
485	1049
463	926
515	1066
372	805
463	990
574	987
380	863
336	922
326	568
324	567
351	782
203	565
410	1088
228	1120
423	845
383	996
326	568
359	898
469	1115
504	1021
458	1054
533	937
330	816
398	990
360	908
537	1046
245	1027
509	1044
398	1111
380	942
488	1012
499	1090
423	845
175	611
282	1057
460	1007
280	855
504	1081
378	973
477	1115
193	534
520	1087
326	568
447	999
504	1111
426	744
324	567
456	1055
443	1075
479	1061
572	1068
520	1014
147	1021
467	1036
544	958
309	1040
399	700
530	1014
482	1115
383	671
399	700
343	926
328	830
469	995
574	987
289	832
360	908
451	1047
399	700
282	793
360	908
382	928
267	549
399	700
417	1040
563	957
360	908
486	1046
544	958
404	925
399	700
418	1080
325	979
279	857
402	861
299	753
326	568
324	567
423	845
472	1082
432	1071
399	700
239	539
509	1044
399	700
360	1025
423	845
399	700
519	1039
261	481
520	999
360	908
412	931
504	1021
383	671
360	1025
378	973
477	1040
584	1051
312	910
419	764
360	908
322	834
389	739
240	538
530	1034
399	700
123	1186
383	724
414	808
450	1048
417	757
336	774
423	845
399	700
414	831
360	908
231	529
437	996
509	1044
366	634
477	1053
360	908
360	1025
252	686
310	729
446	1066
401	1031
399	700
358	943
399	700
383	726
315	811
135	1150
399	700
405	880
401	764
400	1118
581	1073
458	1054
353	1126
372	805
311	1045
359	898
372	805
360	1025
509	1044
399	700
406	879
219	1156
451	782
312	1042
327	1007
544	958
278	790
432	1053
308	393
329	866
284	882
399	700
308	393
85	1190
446	1042
509	1044
394	885
509	1044
477	1045
271	547
400	1013
372	805
300	1104
372	805
423	845
503	1049
451	782
399	700
420	796
338	766
574	987
322	1072
545	998
470	949
399	700
252	686
330	818
399	700
399	700
302	1103
405	817
439	851
399	700
447	1052
327	948
217	845
420	1049
423	845
576	1051
349	914
423	845
285	663
399	700
231	529
399	700
451	782
509	1044
472	1049
361	892
477	1116
329	825
279	823
519	1111
320	1056
317	1039
451	782
423	845
225	573
380	863
240	1126
211	1025
426	1017
401	886
379	851
372	805
574	915
325	979
286	844
308	393
491	1012
212	1022
294	487
399	700
282	801
326	568
231	529
227	1146
105	1191
376	900
423	845
308	393
198	849
293	901
494	1113
293	760
360	908
383	671
423	845
311	1067
360	1025
378	973
360	1025
414	808
402	1120
451	782
372	805
395	1023
345	929
378	973
379	830
308	393
360	1025
394	829
280	855
379	830
261	481
330	948
372	805
299	753
544	958
325	979
439	1120
451	782
326	568
396	701
109	1186
362	709
472	1072
399	700
326	568
341	812
431	855
443	1041
360	908
417	1040
399	700
377	936
261	1043
186	966
450	1050
420	1049
399	700
412	1047
372	805
326	568
154	1155
326	568
345	1125
464	1029
383	664
453	1021
269	1097
359	921
249	1038
337	1057
469	1006
394	1006
346	878
342	867
304	751
399	700
509	1044
197	1151
418	1081
380	863
199	556
240	538
228	1039
327	930
441	1023
509	1044
444	1038
310	1062
231	529
464	1054
399	700
460	792
326	568
325	979
457	1117
298	971
451	782
522	1054
487	1118
519	1111
423	845
391	815
378	973
219	1156
399	700
252	686
423	845
394	1113
460	1077
311	1067
346	834
544	958
313	476
287	828
426	744
380	811
451	782
455	1038
524	1037
431	1113
444	1062
225	1158
399	700
322	829
399	700
509	1044
435	953
414	1113
399	700
460	792
307	1046
431	1065
299	1026
372	805
231	529
362	709
378	942
332	874
423	845
283	664
399	700
493	1100
509	1044
299	753
360	908
383	671
407	883
532	1046
458	1054
373	668
240	538
323	1074
421	1048
240	538
457	1057
569	958
280	855
313	886
326	568
360	1129
337	822
309	1044
520	1014
383	1104
570	1065
519	972
423	845
399	700
259	495
360	1025
509	1044
396	945
475	1052
306	818
224	542
465	805
557	1005
360	908
416	1047
399	700
381	941
407	998
308	393
280	855
286	855
465	805
418	1049
361	1034
112	1177
598	913
331	873
360	908
423	845
468	1062
399	700
345	1050
326	568
257	840
397	1031
449	1118
474	1030
290	798
399	700
353	936
470	795
478	1112
360	908
372	805
519	1054
267	858
338	834
326	568
423	845
276	859
259	691
350	949
372	805
326	568
279	786
423	845
362	709
244	1122
240	538
451	782
307	1038
530	1109
390	1106
360	908
423	845
324	567
399	700
574	987
517	899
395	946
423	845
451	782
233	1169
380	863
356	843
356	944
324	567
334	864
475	1044
280	855
383	655
532	1046
390	810
417	1040
362	803
501	1109
208	936
428	1008
574	987
338	766
390	1105
532	1046
304	835
453	1032
313	1039
399	700
504	1021
360	908
205	1125
401	807
203	564
289	904
280	855
285	830
362	709
399	700
537	1035
306	454
370	659
349	826
470	1065
546	1079
541	1048
116	1208
351	911
423	845
118	1177
430	986
195	1165
371	895
399	700
423	845
399	700
249	970
326	568
240	538
544	958
399	700
147	1168
292	907
247	1137
432	1071
519	1039
308	393
326	568
399	700
526	1056
341	812
399	700
458	1054
254	1032
465	805
126	1014
452	1115
271	580
520	1014
464	1035
233	1114
451	782
501	1122
360	908
471	1047
144	1161
399	700
402	937
321	912
231	529
444	856
385	788
316	821
440	1083
340	656
524	1052
296	725
326	568
333	774
399	700
399	700
360	1025
355	668
451	782
372	764
399	700
477	1045
388	684
378	658
339	657
231	529
325	979
472	1070
574	987
280	855
372	805
511	958
355	932
498	1036
202	561
399	700
231	529
399	700
456	1025
581	1072
423	845
574	891
326	568
399	700
212	377
448	1060
423	845
360	908
360	908
431	855
559	975
381	883
442	1082
262	1093
360	1025
469	1055
451	782
326	568
423	845
562	943
399	700
360	908
423	845
278	790
507	1121
326	915
423	845
253	1030
423	845
399	700
399	700
362	709
458	1054
368	1075
327	1088
497	997
360	908
398	990
356	843
530	956
399	700
423	845
128	1176
405	843
336	427
326	568
399	700
442	1042
399	700
372	764
359	880
426	1056
299	815
299	753
398	884
189	1091
417	1040
360	1025
255	1054
377	685
574	987
296	801
303	1045
509	1044
231	529
389	925
423	845
277	1127
276	858
357	804
360	787
494	1074
509	1044
423	845
198	844
335	987
482	1080
312	1039
581	956
262	1044
343	1089
215	668
375	636
326	568
576	1079
354	933
407	768
509	1044
219	1156
423	845
466	925
509	1044
390	1100
326	568
259	537
266	1020
398	990
575	1051
326	568
399	700
399	700
471	817
399	700
251	1013
326	568
399	700
471	1069
376	892
423	845
372	764
338	766
327	930
362	709
109	1186
196	997
212	1119
574	987
287	551
248	840
349	826
418	1048
231	529
423	845
242	464
337	873
473	1061
334	1004
387	818
399	700
343	997
360	908
231	529
395	1106
524	1111
324	567
570	916
479	1033
180	604
386	870
352	1038
423	845
231	529
409	1115
462	1089
239	527
423	845
399	700
423	845
313	1026
252	686
523	1107
326	568
310	729
399	700
465	975
299	753
304	825
326	568
262	1011
197	1131
350	915
388	1114
358	929
324	567
399	700
494	1101
424	1043
407	1122
321	825
216	567
509	1044
399	700
379	908
381	823
461	1117
360	908
217	558
332	836
417	1040
447	1045
380	1134
439	1060
509	1044
360	1025
523	1057
259	691
399	700
399	700
514	1026
399	700
328	967
488	1037
423	845
326	568
509	1044
335	835
470	899
304	1045
252	686
427	1005
525	1052
523	1107
235	1163
399	700
431	855
497	1089
399	700
365	916
399	700
292	1098
399	700
293	760
443	1021
338	766
399	700
426	744
331	1112
352	848
352	957
219	1156
424	1092
399	700
399	700
423	845
308	393
533	1106
431	1070
334	821
384	799
285	826
414	808
408	831
240	538
234	1155
239	1164
385	1107
465	1110
345	1130
274	852
399	700
426	1085
359	974
441	1057
382	1108
356	938
146	1148
475	1017
362	1115
393	870
246	534
338	766
423	845
407	814
567	909
299	753
598	911
451	1026
231	529
399	700
461	925
326	568
499	1027
259	691
421	1034
413	1116
219	563
310	729
310	729
399	700
566	976
509	1044
387	867
357	1129
376	1108
306	1052
360	1025
399	700
574	987
423	845
231	471
237	1130
372	805
416	1015
423	845
434	1026
399	700
408	1121
246	642
504	1021
310	854
360	1025
370	752
202	1088
465	805
509	1044
519	1113
310	729
424	1115
574	987
322	825
399	703
279	778
299	753
504	1021
351	357
295	986
252	686
326	568
504	1021
432	984
390	979
278	820
360	908
252	686
306	454
496	1031
363	1033
399	700
398	1111
398	990
360	908
389	800
423	845
372	805
494	1113
423	845
465	1034
284	822
231	529
360	1025
364	779
494	1113
451	782
360	1127
398	990
351	941
289	904
509	1044
360	1025
472	1061
328	820
339	920
423	845
452	1012
414	808
325	798
398	990
338	766
399	700
558	1054
311	1050
477	1053
418	1050
306	454
462	1071
410	1117
392	979
399	700
360	908
388	751
280	855
454	796
397	1054
502	1040
522	1056
574	987
359	898
401	764
466	988
399	700
268	1022
241	646
326	568
407	883
431	1051
431	1054
335	1114
423	845
243	952
574	987
398	990
372	764
372	805
352	676
399	700
357	1006
455	1049
360	908
535	1056
464	1019
433	977
451	782
344	910
357	1128
239	1148
377	666
423	845
308	393
504	1021
527	1030
213	547
565	1053
465	805
399	700
398	990
379	830
544	958
249	839
465	984
360	908
395	1018
475	813
360	1025
306	1043
349	826
600	926
399	700
423	845
323	1074
325	979
252	686
509	1044
564	1052
327	930
36	1210
509	1044
307	833
109	1186
391	1108
372	805
399	700
360	908
299	753
509	1044
431	867
331	1065
299	753
310	729
399	700
399	700
399	700
316	356
372	805
310	729
401	764
544	958
372	764
359	1129
359	898
455	1050
481	1005
306	454
526	1111
423	845
398	881
399	700
379	830
389	1011
360	908
305	803
360	908
401	1117
360	908
465	1025
466	1053
236	1127
286	813
349	826
310	729
399	700
321	823
569	907
461	1035
445	1068
445	1030
544	958
381	764
423	845
574	915
382	1108
360	1025
509	1044
379	830
221	544
423	845
86	1195
399	700
208	961
451	782
192	1166
326	568
456	1023
399	700
404	1088
380	863
399	700
441	1037
544	958
544	958
109	1186
430	1074
416	987
451	782
490	1118
399	700
395	1131
360	908
519	1039
336	895
252	686
349	1002
398	813
570	1065
326	568
399	700
446	1050
399	700
451	782
243	515
451	782
109	1186
252	1136
451	782
401	815
330	967
520	1014
327	930
324	567
399	700
396	1022
327	930
405	1118
399	700
277	832
574	987
259	691
574	987
333	879
310	729
380	863
399	700
334	863
399	700
213	1027
398	990
520	1014
398	1053
399	700
292	1129
323	1065
272	518
569	973
509	1044
399	700
501	1062
280	855
570	1065
399	700
509	1044
375	636
199	1164
423	845
326	568
372	805
338	766
432	1026
360	1025
345	1049
219	1156
109	1186
399	700
434	1038
474	1083
276	892
388	904
469	1041
372	805
296	935
494	1113
128	1175
280	855
399	700
561	1053
407	871
410	1056
398	990
360	908
574	987
379	830
372	805
399	700
478	1102
398	990
308	393
283	845
399	700
431	855
316	814
502	1034
326	568
233	1157
509	1044
325	979
379	830
327	926
326	568
538	1046
306	454
208	550
423	845
377	833
423	845
324	567
310	729
400	1115
532	1046
338	766
384	846
210	1028
326	568
316	863
325	979
360	908
532	1046
574	987
360	908
399	700
175	611
289	904
298	788
231	529
470	898
570	1065
316	1039
399	700
399	700
323	1072
372	805
227	1170
452	844
324	567
500	1047
398	1044
509	1044
399	700
372	805
262	1044
382	812
252	686
461	1046
115	1179
278	788
240	538
353	807
329	877
317	815
322	1062
399	700
399	700
399	700
402	937
370	752
178	1137
489	1035
326	568
252	854
310	809
473	1047
306	1042
367	1037
208	1164
475	1115
360	1025
386	1030
399	700
349	826
434	1099
544	958
574	987
516	1017
377	1010
391	841
324	567
423	845
244	468
532	1028
431	1065
305	916
431	855
487	1039
376	710
267	751
87	285
504	1021
341	812
109	1186
409	1068
280	780
547	1080
109	1186
509	1044
240	538
389	800
430	1053
432	1071
360	1025
378	668
216	1161
399	700
430	1026
499	1056
330	822
383	671
386	817
270	547
398	990
499	1048
570	1065
240	538
544	958
219	1156
372	764
299	753
505	1111
360	908
326	568
494	1113
324	567
488	924
503	934
482	942
258	519
394	827
497	1048
379	830
423	845
399	700
426	771
380	863
544	958
360	1091
330	964
458	1054
392	1054
401	764
333	1000
235	1155
340	999
360	908
451	782
372	805
370	752
399	700
423	845
325	979
565	977
423	845
363	999
406	1071
399	700
432	1071
357	923
509	1048
214	377
411	1083
569	973
492	1035
599	926
399	700
401	764
508	1059
327	926
313	795
544	958
332	1052
360	908
278	785
563	974
519	1039
451	782
520	1014
379	830
226	539
477	1051
509	1044
399	700
410	1049
427	867
449	1039
407	905
306	454
399	700
401	764
399	700
231	529
545	1076
310	729
509	1044
453	1025
399	700
325	979
486	1107
452	1036
372	805
240	538
332	875
405	1114
402	937
375	860
238	1041
264	545
399	700
360	908
528	1108
399	700
515	1090
399	700
544	958
299	824
404	1129
376	793
349	1127
509	1044
349	826
509	1044
369	817
583	1072
504	1021
451	782
509	1044
326	568
286	820
324	567
423	845
399	700
399	700
375	636
414	808
417	839
338	766
299	839
550	1099
434	779
448	983
168	1128
181	583
495	999
326	568
308	393
360	908
541	1071
399	700
533	1109
516	1049
378	953
360	908
399	700
231	529
278	867
372	764
360	908
333	435
436	1121
372	764
543	997
299	753
399	700
327	930
423	845
399	700
418	1112
474	1078
131	491
399	700
201	547
310	729
452	997
509	1044
462	1116
528	1109
339	934
335	417
399	700
544	958
423	845
479	1038
296	801
429	1116
430	1071
204	894
442	1062
492	962
507	1121
423	845
295	816
399	700
334	1061
423	845
360	1025
360	689
484	1027
380	863
509	1044
461	1034
469	1045
338	766
399	700
453	970
220	844
570	1065
465	1057
252	686
195	1163
488	1038
399	700
281	832
471	1039
109	1186
326	1107
380	863
279	836
340	656
378	830
360	1025
308	817
176	1112
227	1142
442	1044
451	782
213	1027
404	998
448	978
360	908
399	700
317	463
399	700
360	1025
276	868
277	1033
360	908
437	860
570	1065
369	1032
399	700
440	1038
267	751
456	1047
399	700
455	1021
515	1012
399	700
445	1032
520	1014
423	845
380	885
147	1009
128	1182
509	1044
303	1048
527	1004
509	1044
123	1181
509	1044
423	845
509	1044
385	923
574	987
423	845
423	845
399	700
391	1110
321	812
519	1039
240	538
517	921
202	1008
333	1002
438	851
324	567
399	700
341	812
231	529
360	908
259	1113
383	849
402	937
493	1032
450	1118
375	763
399	700
246	642
456	1020
292	1051
305	1044
219	903
401	764
423	845
272	857
324	567
399	700
423	845
245	1029
379	942
185	1000
335	922
252	686
574	987
306	831
399	700
398	859
399	700
355	657
579	929
252	686
403	1018
509	1044
574	987
326	568
341	812
323	1074
399	700
280	855
362	709
360	1025
399	700
303	1047
422	963
471	1114
497	965
423	845
423	845
403	903
451	782
398	1053
360	1025
442	1121
331	1063
399	700
348	919
326	568
504	1021
293	1032
568	1085
310	729
303	1103
209	560
423	845
436	1042
399	700
131	491
438	1122
399	700
509	1044
372	805
481	913
399	700
423	845
372	764
299	753
372	805
410	1122
425	1055
574	987
470	1038
326	568
474	1048
389	804
399	700
426	744
276	892
259	691
399	938
244	702
310	729
443	1008
454	797
574	987
535	1034
381	1108
382	1108
423	845
297	849
436	1061
519	1039
235	364
219	1156
389	874
519	1000
380	941
423	845
407	871
432	1062
404	697
474	1054
338	766
136	1167
299	753
333	829
598	926
495	1035
360	908
372	764
214	934
366	653
435	1033
574	915
509	1044
191	1165
357	804
353	1125
325	979
478	1027
310	729
209	553
387	789
471	994
398	990
476	1105
399	700
574	987
342	826
288	828
527	990
362	935
240	538
577	1080
463	1038
324	567
423	845
326	568
399	700
149	1168
347	993
318	865
421	1095
318	1039
464	1115
434	1061
423	845
299	753
422	963
340	821
536	1073
432	1024
372	805
240	552
200	857
430	1088
398	913
388	1114
341	812
474	1036
484	1044
240	538
372	764
399	700
399	700
290	847
327	393
276	892
490	1036
399	857
399	700
399	700
325	979
509	1044
276	892
360	908
417	1014
392	909
381	1001
286	1065
219	1156
362	945
235	1114
389	800
380	863
316	907
423	845
391	1105
524	1055
358	1033
399	700
456	1050
360	908
511	1050
237	969
326	568
336	834
360	908
266	1077
325	979
380	863
450	962
409	1039
359	898
399	700
183	886
504	1080
308	1078
367	916
360	1025
456	1038
423	845
520	1014
302	1079
509	1044
475	1036
295	484
324	567
452	844
380	1073
423	845
544	958
347	1089
399	700
399	700
312	886
372	805
453	791
432	1071
488	1042
399	700
85	1190
431	977
574	987
451	782
399	700
514	976
399	700
503	973
364	1037
258	1045
439	1119
423	845
574	987
180	835
275	743
337	933
509	1044
219	1156
574	987
327	827
399	700
372	764
336	918
494	1095
360	908
471	1047
423	845
109	1186
401	1031
392	1101
399	700
355	940
325	979
389	846
324	567
402	773
308	393
351	971
401	1000
231	529
402	860
375	1102
360	908
349	783
399	700
509	1044
347	827
399	700
398	990
327	926
585	1051
362	709
360	1025
544	958
451	782
252	686
450	1067
316	1038
360	908
399	700
309	479
544	958
324	567
306	454
509	1044
506	1117
376	957
231	529
549	995
399	700
423	845
423	845
404	983
415	1011
425	1085
399	700
359	1092
580	1050
401	817
326	568
392	1020
249	926
430	985
360	1025
372	764
463	1042
459	1065
324	567
472	1096
581	956
109	1186
391	841
480	1052
362	709
360	1025
399	1030
423	845
574	987
380	863
451	782
327	930
257	542
372	805
261	1044
326	568
509	1044
466	1042
327	930
399	700
331	1076
524	985
316	1009
423	845
290	1111
509	1044
372	805
444	1046
399	700
231	529
379	830
381	980
423	845
537	1046
271	544
509	1044
176	880
398	990
440	950
382	933
360	908
423	845
506	1079
360	908
252	686
567	1081
306	390
261	481
391	887
360	908
390	824
326	568
430	1064
460	792
337	845
474	1036
360	908
193	1162
544	958
380	863
544	958
455	1047
397	945
270	1096
509	1044
230	524
546	1059
399	700
449	1119
463	1030
574	987
459	1036
286	1065
391	702
399	700
326	568
475	1042
277	781
504	1082
350	1124
326	568
473	1115
399	700
399	700
509	1044
343	864
399	700
353	796
504	1028
467	1056
399	700
381	1048
405	1128
423	845
240	538
473	1044
370	752
197	1074
504	1021
284	831
399	700
399	700
422	1066
263	1042
324	567
254	1032
210	566
331	1000
281	825
426	744
351	1125
394	874
360	1126
359	783
252	686
423	845
358	926
449	1000
414	1026
364	802
395	1025
423	845
240	538
197	1167
399	700
373	922
308	393
486	1044
574	987
350	926
334	1004
548	1076
480	1017
334	935
306	454
522	1049
338	766
492	961
458	1118
389	907
470	899
338	766
412	1048
513	1072
492	1051
476	1116
423	845
517	1052
551	956
474	1083
463	752
576	1075
399	700
308	393
402	937
396	1053
372	805
307	1048
327	820
442	1036
431	995
381	1010
509	1044
399	700
345	353
509	1044
340	809
444	1046
280	855
324	567
85	1190
360	1025
569	973
475	1115
361	1032
218	557
240	538
326	568
471	1037
327	930
407	12
464	918
291	756
325	870
509	1044
521	1053
327	1079
277	1072
471	1008
451	782
224	395
422	1047
455	998
326	568
520	1014
399	700
509	1044
252	686
554	1080
391	1102
264	1047
432	1071
423	845
383	664
352	795
360	908
372	805
399	700
372	805
467	1056
523	1107
454	1094
265	851
462	1063
303	797
544	958
423	845
519	1032
310	729
380	863
451	782
399	700
451	782
407	921
327	809
399	700
287	828
209	997
258	537
423	845
423	845
398	990
360	1025
469	1063
380	763
214	1019
359	1033
399	700
395	1028
517	1073
386	1106
548	1079
485	1043
372	805
431	855
184	544
372	805
326	568
464	1089
380	863
360	1025
334	1017
472	1052
328	834
399	700
423	845
474	1028
326	568
390	981
337	930
187	559
334	818
426	744
399	700
509	1044
219	1156
372	764
326	568
378	1109
356	843
574	987
207	1028
463	1110
258	1052
335	862
190	1162
424	958
280	855
509	1044
430	1063
432	1052
388	869
385	836
469	1059
574	1062
221	564
238	1128
324	567
346	813
372	805
326	568
504	1021
360	908
252	686
399	700
304	815
360	908
398	990
402	937
382	649
307	1041
231	529
399	700
574	987
469	1038
326	568
420	950
299	753
280	831
399	700
399	700
340	1042
509	1044
277	1034
399	700
252	686
537	1046
423	845
365	1126
195	1166
377	785
423	845
190	1094
309	1044
346	910
417	1040
341	938
423	845
360	1025
109	1186
360	908
399	700
393	1113
298	217
565	978
347	911
423	845
396	1011
487	1046
338	766
407	1120
455	1019
359	898
423	845
509	1044
472	1047
198	976
281	821
402	937
330	965
289	813
247	839
360	908
109	1186
411	1119
378	973
457	1022
465	858
423	845
399	700
542	913
532	1046
197	556
359	1129
208	1164
362	1000
361	811
399	700
597	916
423	845
439	1063
408	1069
513	1096
449	1049
273	495
530	1034
360	1025
372	805
509	1044
325	979
360	908
423	845
326	568
331	1089
321	1023
289	904
399	1017
422	1066
252	686
416	1113
398	913
327	1007
330	943
334	925
420	889
360	785
450	997
352	939
395	1022
389	911
509	1044
444	1041
305	1042
423	845
550	925
486	1030
292	1101
362	1032
441	1041
360	908
299	421
372	805
399	700
196	1167
448	1076
399	700
399	700
146	1168
280	855
423	845
299	753
280	855
451	782
460	792
231	529
231	529
399	700
306	454
361	1019
360	1036
460	792
581	956
300	791
269	1097
532	1033
399	700
280	855
473	1035
399	700
308	393
271	832
423	845
377	1125
399	700
428	983
405	983
467	1058
224	395
516	1058
399	700
399	700
231	529
415	1047
509	1044
509	1044
482	1045
478	949
439	997
574	987
142	1143
407	1114
395	1108
401	764
504	1100
302	1047
225	573
382	649
388	819
275	857
360	1025
423	845
338	766
527	1104
414	808
411	1119
399	700
443	852
220	563
297	728
354	926
372	805
423	845
280	780
532	1046
195	584
310	729
469	995
441	1023
509	1044
302	804
388	751
234	1169
370	644
335	988
399	700
299	753
326	568
574	987
399	700
399	700
231	529
326	568
380	835
334	933
399	700
451	782
307	1077
360	908
396	1023
423	845
451	782
583	1069
423	845
372	805
399	700
426	744
544	958
349	826
360	908
351	917
399	700
454	998
488	1069
332	825
379	840
360	908
474	1076
363	905
461	1049
399	700
349	826
454	869
447	1070
399	700
181	967
509	1047
565	976
399	700
509	1044
425	1051
509	1044
359	898
410	960
351	930
487	1042
359	1032
423	845
261	1121
570	916
519	1039
391	1010
404	1070
399	700
305	803
387	986
390	980
324	567
520	1014
470	1045
516	1061
458	1054
570	1000
360	908
398	990
343	1089
399	700
419	764
458	1054
192	844
423	845
443	1120
380	928
384	1104
398	990
267	1023
526	1056
309	479
420	1047
337	1046
390	1119
509	1044
399	700
372	764
441	1040
405	1071
389	800
399	700
360	803
420	1050
330	1000
151	1167
509	1044
466	774
226	564
423	845
483	1013
465	805
430	1035
326	568
516	1089
473	1058
219	1156
375	636
497	1053
451	782
310	1047
456	785
360	1025
398	1062
261	481
504	1046
399	700
248	644
562	1054
325	979
399	700
531	1056
377	1017
520	1014
399	700
470	968
360	908
109	1186
325	979
414	783
494	1113
389	1107
419	1114
372	805
485	1070
353	873
326	568
395	864
372	647
415	1105
463	1014
324	567
544	958
399	700
492	1018
231	529
303	1051
360	1025
377	786
360	1025
399	700
360	908
398	1016
399	700
544	958
423	845
544	958
374	781
486	1010
330	873
517	921
359	898
450	1060
574	987
265	1041
244	1017
451	1026
544	958
456	1055
399	700
399	700
250	1038
472	1114
183	1129
219	1156
380	828
509	1044
458	1054
326	568
398	990
476	1049
348	1128
399	700
574	987
360	908
404	879
423	845
240	538
423	845
372	805
492	1096
528	1059
399	700
324	567
388	842
574	987
360	908
423	845
399	700
325	979
464	1089
362	709
360	908
375	666
451	782
286	545
360	908
324	567
436	1026
380	863
312	1073
196	559
507	1042
447	1045
356	843
398	750
197	1088
399	700
358	1128
536	1049
399	700
402	1137
423	845
109	1186
372	764
324	567
299	793
370	787
380	863
379	830
209	1164
325	979
360	937
492	964
244	1075
416	987
394	1023
399	700
526	1005
399	700
580	1053
397	1112
459	1116
360	1025
533	1034
326	568
360	1025
399	700
337	936
111	1181
399	700
404	1034
335	871
370	605
394	886
458	1054
405	1129
479	1025
372	764
388	819
326	568
219	1156
391	1055
399	700
380	863
399	700
566	1058
520	1014
479	1049
360	908
458	1054
519	1066
423	845
473	1048
208	1009
493	1100
423	845
533	1087
394	1132
414	808
397	872
312	1049
330	842
189	1091
423	845
360	1025
423	845
509	1047
340	416
398	990
330	1062
399	700
496	1033
360	1025
451	782
543	944
306	814
453	1006
384	829
276	862
314	1139
261	1022
431	981
287	848
526	1024
360	908
338	766
360	1025
287	830
326	568
537	1047
399	700
509	1044
399	700
252	686
509	1044
471	1049
418	1044
423	845
203	553
279	1060
360	908
454	1057
324	567
283	889
399	700
302	817
509	1044
524	1052
402	937
488	1036
372	805
401	764
372	805
423	845
574	987
224	395
403	1027
313	542
482	1084
370	1126
256	1033
277	1111
430	1089
520	1014
481	1068
375	835
372	805
307	1051
574	987
360	908
509	1044
338	1048
423	845
522	1066
423	845
372	764
544	958
441	955
399	700
582	1069
596	943
343	1089
423	845
326	568
507	1116
338	825
423	845
494	1113
469	1035
494	1113
323	819
263	1042
360	908
208	998
238	1164
216	366
512	1049
423	845
310	729
240	538
341	812
399	700
485	1042
329	1003
360	908
366	1127
423	845
417	1040
440	1054
376	670
329	790
280	855
399	700
326	568
212	1021
273	520
328	874
109	1186
434	954
372	805
427	984
458	1040
451	1015
423	845
403	959
399	700
420	1114
346	938
485	1083
452	1118
463	1030
399	700
523	1107
399	700
396	1031
509	1044
289	489
460	792
330	784
423	845
399	700
417	1070
332	1051
399	700
326	568
490	1066
357	1127
216	1133
509	1044
338	766
307	831
398	990
372	805
451	782
297	945
225	529
299	879
252	552
310	795
259	1113
499	1032
548	956
496	1029
399	700
423	845
416	1044
401	764
245	841
365	693
219	1156
386	884
360	1025
399	700
399	700
360	1025
310	729
473	1046
425	1055
475	1043
530	1032
331	823
396	861
224	395
349	826
423	845
574	987
574	915
452	1049
485	1027
427	980
416	1113
399	700
372	805
510	946
352	912
243	881
397	1053
393	923
399	700
532	1046
277	1083
472	1028
508	1051
509	1044
419	1012
246	1029
193	534
431	855
439	1116
505	1075
509	1044
360	908
326	568
399	700
399	700
567	1085
337	553
249	544
399	700
427	1028
386	885
417	1016
387	772
326	568
399	700
277	1034
509	1044
423	845
257	534
324	567
327	1048
229	1171
399	1115
454	1032
520	1014
334	815
240	538
343	1089
376	750
399	700
360	908
422	1039
410	1070
341	952
246	1029
403	1135
349	826
299	753
239	527
496	1051
509	1044
427	1069
335	817
423	845
509	1044
316	811
308	393
399	700
359	898
458	1054
574	987
509	1044
360	1025
524	1110
252	686
423	845
215	549
308	393
401	1013
327	949
532	1046
310	729
574	987
460	792
111	1178
385	832
503	1109
521	1066
310	729
405	884
444	1046
316	1039
524	1067
423	845
520	1014
360	1036
326	568
310	729
399	700
574	987
414	808
329	830
509	1044
407	1115
410	914
413	1069
326	806
360	1025
530	1012
324	567
445	1070
431	855
326	568
195	848
509	1044
233	1149
327	930
389	1118
356	843
280	829
465	805
509	1044
166	1004
286	836
399	700
410	1133
341	812
372	764
280	821
500	1016
399	700
520	1014
276	892
494	1113
537	1046
559	1061
412	1086
399	700
453	1021
327	930
399	700
450	1056
324	567
536	1055
399	700
399	700
196	1088
466	794
399	700
357	943
394	947
335	873
355	1125
399	700
414	808
347	927
341	946
197	1021
324	567
352	927
379	830
402	878
312	1039
324	567
443	1118
372	805
347	933
372	805
252	686
399	700
399	700
399	700
413	1115
399	700
365	805
578	1063
235	1040
570	916
509	1044
423	845
474	1116
442	1115
299	753
400	887
522	997
380	1051
243	952
360	1025
383	724
262	1041
303	517
252	686
509	1044
422	1066
458	1042
504	1021
360	1025
306	454
309	1030
477	948
240	538
420	1030
359	931
360	802
259	691
299	753
464	1007
535	1086
473	1041
360	908
321	819
298	546
569	973
423	845
229	1038
275	1020
316	545
354	929
481	1062
568	999
408	878
509	1044
399	700
317	1092
369	1071
511	975
263	1050
538	891
299	1050
423	845
322	828
289	904
398	990
414	808
399	700
432	1071
574	987
319	817
532	1046
252	686
351	780
219	1156
407	883
326	568
109	1186
334	778
520	1014
422	1066
419	764
451	782
372	805
334	965
525	1092
360	908
360	908
360	1025
538	1000
423	845
382	1009
439	996
240	538
399	700
308	849
519	1039
360	908
414	808
399	700
423	845
327	930
192	1075
447	1062
469	1025
401	1018
423	845
231	529
574	987
399	700
389	800
347	917
399	700
303	802
321	1055
218	1023
380	863
476	1054
423	845
248	1139
360	908
399	700
202	1073
509	1044
299	753
333	870
219	1156
219	1156
356	940
399	700
523	1064
399	700
405	816
211	1028
325	979
326	1059
260	1034
338	817
509	1044
523	997
292	891
410	886
410	1117
325	979
414	808
308	393
423	845
395	1007
574	987
399	700
372	805
538	920
198	1025
248	706
324	567
460	1026
423	845
360	908
423	845
360	908
322	829
240	538
259	691
417	958
309	1046
276	832
507	1061
363	999
109	1186
326	568
289	1034
423	845
406	922
231	529
509	1044
280	855
349	826
452	1012
220	546
491	1056
451	782
299	753
326	568
399	700
432	1071
394	1102
372	805
545	1081
346	927
435	877
224	395
423	845
455	1066
316	1037
132	1164
423	845
109	1186
399	700
252	686
310	1046
480	1017
390	702
240	538
439	1069
399	700
238	523
399	700
365	789
537	1097
556	986
516	1062
423	845
220	1027
349	826
310	729
583	1056
423	845
234	541
544	958
435	1063
574	987
310	729
360	908
349	826
113	1179
399	700
325	979
399	700
316	868
426	744
332	871
360	908
381	830
509	1044
252	686
286	1065
480	1085
329	875
475	1049
399	700
474	1050
405	877
113	1179
399	700
412	977
399	700
504	1038
423	845
434	1066
380	863
342	919
423	845
326	568
529	972
221	420
360	908
528	1054
451	782
325	821
179	547
206	1030
338	766
576	1055
544	958
399	700
399	700
484	1030
238	1164
399	700
472	814
360	908
475	1114
360	908
399	700
484	1119
498	1090
399	700
435	1070
482	1012
267	1041
360	908
520	1066
423	845
392	795
423	845
383	671
300	838
189	580
537	877
401	764
509	1044
360	1089
506	1072
399	700
504	1021
451	782
325	979
518	1011
320	810
308	393
329	1004
360	908
472	815
307	1038
477	1079
340	919
305	801
378	973
248	1014
353	801
219	548
423	845
338	766
466	1098
352	1128
433	979
519	1039
541	955
269	1094
544	958
423	845
498	1080
416	1040
365	1051
423	845
423	845
434	981
360	1025
573	983
402	1113
431	979
458	1054
423	845
399	700
563	906
398	990
323	1074
370	752
410	877
325	979
347	912
324	567
299	753
423	845
544	958
582	1050
442	1070
570	1065
274	521
256	849
306	454
367	977
423	845
500	1045
280	855
399	700
402	1103
360	908
400	1018
260	1040
438	1120
360	908
246	642
440	963
379	830
209	566
398	990
196	1159
423	845
405	706
258	1014
374	903
423	845
399	700
281	826
211	1022
574	987
341	831
217	1132
327	926
411	1053
361	800
370	752
474	1115
357	804
363	932
252	686
519	1039
360	908
290	836
221	1029
399	700
520	1014
331	1001
494	1113
452	1118
357	663
399	700
267	1002
439	1121
399	700
399	700
478	1023
377	1000
426	1006
423	845
533	1034
385	1101
407	1087
384	1016
509	1044
520	1014
91	289
212	1119
210	936
503	1116
434	1038
343	1089
398	990
399	700
574	987
470	1041
240	538
428	1058
364	791
399	700
399	700
474	1083
475	1050
544	958
389	904
391	1101
349	826
419	1114
418	1046
423	845
327	822
365	1084
431	1053
335	819
396	1022
319	792
423	845
204	1022
360	1025
429	1029
469	1114
441	1116
472	1113
340	656
254	1036
247	1079
329	1003
509	1044
356	843
330	1004
280	855
426	1043
423	845
399	700
383	836
355	943
187	1135
544	958
110	1180
423	845
422	1066
308	393
562	1085
231	529
411	886
245	540
324	567
380	863
445	1071
399	700
325	979
365	796
399	700
399	700
496	856
309	1030
300	1086
476	1115
301	788
494	1113
392	1106
522	1056
360	908
399	700
421	1115
406	913
475	1035
235	1036
399	700
423	845
227	1132
504	1046
520	1066
360	908
533	978
567	1083
310	729
206	1090
399	700
522	1067
284	834
362	784
313	794
109	1186
356	1128
574	987
109	1186
253	929
310	1056
546	996
465	921
297	981
372	805
354	1120
357	787
460	1117
308	393
423	845
451	1050
213	1021
300	879
477	1051
320	1111
109	1186
465	805
178	660
423	845
399	700
399	700
326	568
423	845
450	993
500	1034
219	1016
360	908
478	1077
399	700
399	700
415	972
360	908
381	691
372	805
509	1044
398	990
306	814
224	840
362	709
286	830
357	804
508	1009
423	845
338	766
379	830
442	1078
423	845
360	908
350	931
429	1007
308	393
423	845
310	729
332	1004
395	1008
326	568
327	930
390	887
399	700
509	1044
420	956
399	700
363	932
531	1015
372	805
509	1044
324	567
299	753
535	1093
360	908
399	700
399	700
423	845
574	987
360	1025
357	803
515	1067
392	1093
236	1127
423	845
360	908
583	1055
536	1005
370	1126
398	990
478	1070
451	782
429	980
432	1071
389	800
423	845
537	1046
457	1027
460	1116
280	1032
417	960
395	1035
399	700
544	1079
449	1060
423	845
360	908
429	738
569	1000
423	845
372	805
231	529
360	1025
372	764
360	908
451	782
399	700
276	1085
387	959
360	908
327	926
423	845
338	766
488	1120
431	1053
330	1064
381	1048
360	908
509	1044
532	1060
444	1052
389	1107
374	708
466	773
366	796
523	1107
492	1006
390	1108
326	568
423	845
313	792
280	855
241	1024
509	1044
180	601
266	1039
391	698
439	1040
423	845
126	1188
325	979
233	1162
266	750
326	568
399	700
399	700
360	1025
435	969
404	996
372	805
360	1025
438	1121
253	1028
414	1113
423	845
324	567
350	922
335	818
493	1036
407	1114
299	788
360	1025
360	1025
252	686
451	782
278	773
574	987
468	863
399	700
451	782
505	1121
459	1045
399	700
252	686
368	917
375	1102
423	1008
250	1030
259	691
474	1025
325	979
423	845
427	869
399	700
359	934
324	567
399	700
308	393
85	1190
432	1101
341	919
423	845
399	700
190	1092
231	529
399	700
423	845
399	700
231	529
471	1114
371	687
344	921
360	908
379	828
424	1050
399	700
362	1099
381	1099
465	1060
186	1161
431	855
289	1111
399	700
488	1062
399	700
399	700
383	671
509	1044
570	1065
399	700
380	649
429	1007
423	845
325	979
423	845
399	700
399	700
548	1060
482	1115
281	1057
399	700
519	1039
399	700
357	374
509	1044
378	929
496	1043
423	845
295	834
372	805
466	1054
399	700
375	1102
494	1113
321	853
112	1194
509	1044
423	845
423	845
417	1040
360	908
437	1052
398	990
512	1047
341	812
399	700
461	1117
495	1100
360	1025
489	1056
399	700
400	880
399	700
277	830
522	1067
458	1054
360	1025
360	908
371	919
423	845
398	1011
423	845
264	1049
399	700
491	1036
399	700
509	1044
574	987
329	966
341	998
338	997
399	700
504	1021
423	845
399	700
534	1086
485	1084
432	1072
574	987
127	582
399	700
330	876
360	1025
360	908
202	561
336	1046
423	845
451	782
189	1104
399	700
324	1049
326	568
360	908
399	700
422	1066
375	636
509	1044
495	1037
289	757
191	1094
423	845
193	1167
399	700
359	898
411	1056
308	393
520	1028
399	700
318	864
451	782
393	1016
509	1044
362	709
306	454
338	766
399	700
218	1023
423	845
467	1037
193	957
219	1156
345	769
460	1065
410	1024
357	1128
360	908
363	940
359	898
137	1145
341	812
423	845
497	1032
382	841
310	729
338	766
399	700
360	908
509	1044
399	700
208	568
463	1050
360	1025
369	659
360	908
399	700
574	987
308	1057
451	782
395	945
234	1159
276	892
360	908
360	908
484	1045
484	1081
372	634
246	534
220	1008
294	1128
374	706
329	1003
344	772
340	877
465	805
509	1044
359	898
360	1025
360	1025
308	393
310	729
481	980
306	454
509	1044
399	700
310	729
372	764
574	987
526	1057
322	786
574	987
413	971
275	1022
399	700
346	1126
442	1039
399	700
285	885
360	908
441	1035
276	892
418	1081
276	892
423	845
349	942
504	1021
517	921
311	1007
574	915
329	1001
360	908
461	1049
312	1048
467	1115
388	1094
451	782
570	916
574	987
537	1046
331	1031
299	753
372	805
423	845
399	700
523	1064
423	845
509	1044
498	1031
360	908
362	709
380	904
376	676
461	1054
372	805
372	805
474	1071
414	808
299	753
481	1054
429	1072
422	1048
399	700
360	908
345	917
520	1055
307	1043
399	700
509	1044
517	1015
570	1065
399	700
473	1085
178	847
320	1059
326	1015
423	845
480	1035
324	567
379	969
410	1067
423	845
261	1039
169	838
383	1106
403	983
352	676
368	651
385	943
268	249
423	845
456	998
299	839
389	1105
310	825
349	826
300	1050
252	686
528	1054
544	958
476	1105
226	538
109	1186
563	975
360	908
524	957
453	1021
360	1025
364	929
381	665
448	1048
423	845
399	700
346	924
148	1167
326	568
280	825
468	1055
482	1044
360	1025
326	863
325	979
398	1110
464	918
423	845
394	818
469	1061
388	797
324	567
372	805
431	1065
486	1028
504	1021
509	1044
335	1048
509	1044
574	987
326	812
399	700
308	393
465	991
544	958
508	1117
245	1023
299	753
399	700
378	973
308	1047
341	820
574	987
423	845
402	821
216	550
447	1054
389	1105
373	955
574	987
445	963
423	845
423	845
132	1164
324	567
377	800
176	611
360	908
276	1109
401	764
326	568
233	526
387	1008
397	1031
324	567
451	782
359	898
399	700
304	1048
357	910
399	700
520	1014
423	845
348	1129
400	1018
298	381
258	1052
473	1042
399	700
317	1092
308	393
338	824
386	664
434	1063
280	855
423	845
512	1025
326	568
360	908
399	700
399	700
423	845
423	845
433	1059
334	874
252	686
252	686
423	845
317	817
360	908
402	937
544	958
327	930
380	863
324	567
327	930
382	943
381	1108
336	870
428	983
142	1017
399	700
482	1016
219	1156
335	1113
327	821
252	686
423	845
299	753
296	801
399	700
362	709
540	1048
231	529
480	1095
452	1081
372	805
360	1025
303	1053
360	908
380	863
431	1127
465	805
399	1015
423	845
426	1051
481	1035
240	538
456	1027
509	1044
275	1034
399	700
335	393
396	1106
394	862
360	908
308	393
372	805
430	1084
360	908
365	667
504	1021
517	921
423	845
574	987
360	908
363	1077
380	837
423	845
423	845
372	805
395	1102
245	1023
399	700
506	996
326	568
196	562
365	807
523	1032
582	910
515	1012
451	782
348	1020
455	1042
564	1060
474	1047
271	498
401	764
434	1035
509	1044
494	1085
570	916
431	855
468	1025
398	990
567	1081
308	393
470	1039
475	1057
360	908
399	700
383	671
376	941
509	1044
562	1062
399	700
399	700
325	979
415	1047
515	1061
345	942
446	1062
399	700
464	1030
481	1061
399	700
372	805
526	1024
261	1034
372	764
324	567
467	1060
165	623
454	796
524	1065
363	999
195	550
513	1025
326	568
349	934
109	1186
259	503
326	568
520	1014
219	1156
597	917
109	1186
509	1044
446	1030
368	1059
433	1039
147	1161
231	529
399	700
372	805
451	782
311	1007
308	1033
516	1108
431	855
398	990
353	939
462	1031
325	979
455	1047
324	567
399	700
252	686
378	781
408	833
304	1052
302	833
440	1078
399	700
360	908
358	933
413	1115
423	845
399	1016
325	979
427	1006
474	1057
399	700
423	845
299	753
399	700
399	700
324	567
450	1014
423	845
290	943
423	845
399	700
245	1029
306	454
357	804
416	1114
231	529
330	810
423	845
295	1101
304	1104
333	1002
194	1165
399	700
380	863
259	691
374	935
337	997
399	700
570	916
531	1035
423	845
240	538
399	700
494	1045
509	1044
324	567
312	1054
317	813
520	1014
509	1044
338	766
271	672
523	1031
360	908
278	871
322	1018
326	568
334	831
360	908
568	880
374	800
325	979
186	1161
324	567
360	908
372	805
417	958
325	979
537	1046
268	525
431	978
266	1043
495	1120
251	1038
423	845
314	776
215	564
559	1062
498	1046
360	908
464	1117
470	1064
360	908
360	1025
351	1126
504	1021
589	931
504	1021
339	879
310	729
300	518
423	845
402	937
451	782
520	1014
383	835
493	1040
423	845
583	1055
431	855
423	845
219	1156
349	826
520	1014
399	700
399	700
288	1055
431	1111
390	1044
432	1071
356	843
270	754
411	1122
481	821
399	700
442	1036
356	843
411	861
302	790
539	920
399	700
399	700
399	700
435	1021
404	997
252	838
299	753
355	1128
523	1107
417	1114
352	939
231	570
432	1063
360	1025
405	1024
372	805
471	993
399	700
309	697
324	567
476	1030
399	700
480	1044
399	905
386	847
225	1015
392	877
338	766
574	987
460	1055
396	1114
258	1132
275	833
360	1025
378	1133
360	1025
288	830
372	764
387	959
416	986
395	1131
564	1004
460	1064
311	1030
360	908
324	567
355	1125
569	914
398	877
509	1044
360	908
264	1045
574	987
544	958
109	1187
331	806
387	836
324	567
334	815
574	987
399	700
240	538
509	1044
372	805
240	538
279	1034
297	909
485	1035
508	1120
399	700
509	1044
341	812
423	845
490	961
398	990
465	1054
403	918
519	1039
340	1000
372	805
426	744
324	567
372	805
355	937
399	700
426	744
504	1021
504	1021
349	826
399	700
299	753
509	1044
280	1059
451	782
399	700
248	838
582	1070
490	1012
307	1012
360	908
349	826
463	926
299	753
362	709
532	1046
544	958
544	958
465	961
458	1054
179	580
399	700
574	915
574	987
360	908
494	1113
477	1102
536	1054
557	940
482	1104
360	908
561	878
517	1076
360	908
383	671
438	1120
326	568
337	926
423	845
331	1001
417	1040
231	529
207	1019
327	864
281	841
537	1046
322	792
562	917
423	845
379	678
315	747
372	805
326	568
509	1044
387	1113
460	792
360	1025
451	782
379	830
493	1052
453	1021
131	491
509	1044
359	1090
252	686
273	550
574	987
326	1000
581	956
360	1025
364	664
467	1058
252	686
306	1043
504	1021
568	908
574	987
285	825
337	822
479	1041
576	1078
451	782
231	529
278	853
266	1020
519	1039
465	1036
399	700
360	1025
360	1025
451	782
430	1063
460	1117
294	835
252	686
452	1115
398	1016
326	568
527	1084
423	845
574	987
379	830
435	1070
386	853
399	700
423	845
261	1022
279	1128
403	1139
438	985
464	1049
192	559
391	1109
336	921
539	1057
326	568
355	942
326	568
399	700
316	1063
455	787
301	838
498	1036
369	609
393	888
372	805
276	1020
425	1051
313	792
523	1107
460	792
287	1061
464	976
263	378
202	1086
399	700
372	764
494	1113
380	812
231	529
399	700
360	908
391	841
509	901
451	782
290	1079
399	700
326	875
280	855
355	797
510	1053
491	1119
506	1028
371	792
478	1077
399	700
426	744
423	845
397	859
441	955
392	1055
360	908
334	818
422	1066
449	1033
423	845
317	810
278	832
374	677
483	1010
498	944
399	700
399	700
388	796
574	987
381	1075
509	1044
372	764
379	830
509	1044
360	908
380	863
306	1053
360	908
310	729
376	641
495	1017
347	941
538	1057
207	1027
283	845
570	916
380	863
431	855
399	700
399	700
380	1106
310	729
389	800
523	997
207	1022
559	970
280	855
424	1101
324	567
284	831
299	753
310	729
399	700
465	805
544	1084
377	1122
574	987
468	918
360	908
289	837
296	488
423	845
352	954
399	700
360	802
423	845
471	1084
426	1124
570	1065
399	700
423	845
399	700
379	830
271	1038
399	700
329	1132
428	1005
388	874
231	529
407	883
227	1042
372	805
194	1084
207	1026
449	1050
399	700
344	1092
216	1148
246	531
211	560
517	1018
406	1115
574	987
349	1120
293	1050
242	1131
326	1015
529	1076
360	908
326	568
252	686
451	782
509	1044
460	1047
520	1014
280	855
423	845
326	568
450	1094
294	873
192	1160
359	898
383	942
426	744
381	935
374	904
423	845
360	908
251	549
246	534
399	700
400	820
284	1089
394	797
398	990
399	902
323	975
399	700
360	908
360	908
416	1121
306	454
351	955
252	686
497	1030
423	845
509	1044
432	1071
338	766
363	1033
241	1127
223	558
451	782
360	1037
295	775
415	986
475	1045
399	700
323	1074
399	700
223	558
348	1050
275	844
261	481
423	861
311	1007
476	1101
509	1044
470	1039
399	700
412	931
574	915
423	845
347	825
503	1103
276	877
323	832
399	700
399	700
286	1065
574	987
433	989
380	657
388	834
426	1055
360	908
460	792
414	808
326	568
509	1044
423	845
310	729
421	1037
372	764
383	724
325	979
570	916
320	778
362	790
400	1052
282	522
399	700
477	1079
569	973
377	789
288	1073
327	930
326	568
451	782
342	927
504	1021
388	795
192	1164
399	700
360	908
414	808
126	1159
425	1065
515	1030
372	805
276	892
360	782
148	1168
399	700
317	1037
399	700
470	1083
399	700
392	980
331	1063
339	1067
336	834
525	1032
400	923
472	997
380	829
471	1115
497	1102
375	902
470	1055
423	845
526	990
479	877
509	1044
423	845
399	700
423	845
339	1047
406	827
475	1045
453	1118
239	527
544	958
574	987
574	987
379	830
326	568
263	1028
570	916
481	1047
350	913
326	568
372	805
544	958
426	744
310	729
265	548
284	821
509	1044
292	907
569	973
327	930
340	815
219	546
399	1031
231	529
349	826
561	1085
399	700
443	1058
282	850
413	1117
210	1024
421	1095
399	700
308	393
372	764
360	908
360	908
464	806
355	1120
387	926
460	792
306	454
394	1033
445	863
232	1025
300	1030
411	1118
339	1032
190	1162
463	1065
428	869
303	818
338	829
190	1161
338	825
417	1040
473	1061
204	559
344	910
416	1040
276	892
399	700
360	908
472	1051
504	1021
431	855
520	1014
275	854
451	782
574	987
202	1008
403	877
504	1021
574	987
373	785
415	1113
412	931
360	908
426	744
326	568
231	529
475	1113
484	1051
234	1160
372	805
532	1032
494	1113
509	1119
503	1082
372	805
310	729
399	700
308	393
504	1021
282	828
234	1040
399	700
315	1138
516	1063
337	895
394	1023
310	729
474	1069
458	1054
401	999
314	1149
302	823
509	1044
296	801
280	855
378	973
252	686
388	925
406	879
350	927
399	819
360	1025
451	782
326	568
418	1113
523	1107
465	805
338	766
402	937
432	1064
313	1140
517	921
423	845
401	1113
423	845
336	415
463	1041
324	567
525	1108
423	845
360	908
423	845
506	1046
380	1107
432	1071
360	908
570	916
574	915
509	1044
325	979
323	1074
362	940
524	1037
222	537
492	1096
448	1070
399	700
216	876
310	729
372	805
598	915
207	1006
344	864
308	393
109	1186
264	1009
491	1035
355	1125
372	764
519	1039
360	908
374	1118
356	843
385	847
451	970
243	1052
417	1040
303	1045
482	1055
380	863
509	1044
496	1090
386	896
401	764
532	1046
305	803
370	941
442	1077
332	919
326	568
423	845
308	393
399	700
357	804
378	973
523	1056
376	707
489	1048
413	1085
320	814
359	1035
319	779
399	700
252	686
383	724
299	753
326	568
497	1045
398	990
463	1053
399	700
398	990
381	1013
326	568
359	805
314	1116
380	929
280	855
267	551
490	1031
423	845
399	700
231	529
306	454
372	805
377	827
449	1090
435	1031
503	1014
330	786
401	764
469	1041
544	958
252	686
475	1083
239	527
198	535
399	700
338	766
132	1164
468	988
431	855
381	883
370	752
297	691
222	570
432	980
574	987
399	859
536	1058
308	393
574	987
574	987
211	1169
347	1129
409	1024
398	1012
341	817
420	1097
315	1149
399	700
229	1038
423	845
324	567
330	787
357	804
231	529
406	762
337	814
369	674
360	908
326	568
224	395
417	1053
383	656
399	700
462	1041
434	1099
332	877
354	886
512	1049
372	805
372	805
132	1164
235	1041
252	686
210	1028
423	845
273	727
280	802
509	1044
372	805
198	552
341	831
220	1023
231	529
432	1071
522	1053
420	934
336	774
451	782
446	1029
382	836
389	800
360	1036
405	1122
325	979
380	863
345	1125
465	976
423	845
574	987
324	567
380	863
360	908
324	567
515	1032
375	655
423	845
598	911
324	567
308	393
259	691
240	538
399	700
431	1065
460	792
301	1104
286	836
431	1035
310	729
299	753
225	573
337	999
285	856
484	1079
355	938
509	1044
544	958
426	744
372	805
388	711
399	700
336	923
275	867
299	753
288	758
399	700
399	700
519	1039
423	845
109	1186
360	1106
504	970
308	393
302	1044
451	782
398	990
386	788
372	805
324	567
290	837
452	844
343	910
190	583
360	1025
417	1040
324	567
399	700
509	1044
423	845
346	895
399	700
85	1190
469	1015
439	1045
504	1021
383	671
193	551
293	1103
360	908
284	987
486	1030
252	686
451	782
399	700
520	1014
340	1121
399	700
399	700
349	826
425	980
249	544
526	1023
239	1077
410	1115
399	700
320	778
374	708
434	968
423	845
455	1051
423	845
360	908
252	686
497	916
444	1027
494	1113
213	1025
326	1005
255	841
521	1066
360	802
458	1054
326	1006
286	1065
195	1168
372	764
455	743
399	700
450	1014
280	855
132	1164
544	958
326	568
398	836
509	1044
538	1057
574	987
484	1079
476	1115
240	538
537	1046
262	528
353	937
259	1113
231	529
475	1083
508	1121
360	908
460	792
312	1137
378	1012
423	845
484	1009
360	908
365	790
582	1068
308	393
451	782
423	845
310	729
389	890
443	1058
429	1060
380	863
441	1000
285	835
402	937
372	805
509	1044
415	986
360	908
132	1164
423	845
240	538
240	538
360	1025
532	1046
399	700
360	908
423	845
399	700
313	1102
326	568
412	1121
478	1043
509	1044
326	568
360	908
508	1116
268	545
509	1044
509	1044
372	805
465	805
231	529
360	1025
421	1095
360	1025
372	805
423	845
259	691
324	567
545	994
279	837
360	908
423	845
436	995
451	1030
470	1084
399	700
347	1059
399	700
360	1025
392	695
580	1069
509	1044
401	764
252	532
282	831
544	958
326	568
285	488
423	845
360	908
343	771
220	1025
324	567
263	1041
360	908
583	1068
423	845
509	1044
231	472
220	1025
441	1060
324	567
423	966
566	909
380	839
442	1035
380	1108
473	1050
426	744
287	667
308	393
327	930
252	838
240	538
478	1065
451	782
556	1054
399	700
307	1051
422	1066
465	805
399	700
326	568
399	700
423	845
494	1011
423	845
519	1039
451	1054
248	839
360	908
325	979
389	795
423	845
509	1044
309	1047
360	908
299	753
471	1050
432	1071
402	937
423	845
382	786
333	782
231	1027
369	652
460	1117
361	937
494	1121
372	764
519	1039
515	1012
402	937
358	792
509	956
452	844
293	1049
545	952
524	1036
326	568
414	808
333	1018
583	1068
423	845
399	700
389	816
359	898
360	908
440	1038
530	1033
550	963
347	1126
407	771
536	1059
410	1118
449	1065
490	1050
316	906
247	840
441	1063
239	527
415	1112
274	828
519	1039
293	755
451	782
402	937
200	854
240	538
494	1113
399	700
372	764
477	1044
299	753
399	700
423	845
458	1054
333	870
440	1045
289	757
509	1044
504	1021
372	805
407	1070
433	933
399	700
462	1040
399	700
338	766
394	1015
529	1035
509	1044
423	845
357	877
343	1089
379	830
131	491
397	945
326	568
324	567
544	958
431	855
496	1052
399	700
324	567
464	1042
349	826
265	1038
298	811
386	923
292	1110
473	1047
192	1081
375	636
399	700
509	1044
252	686
359	1128
360	908
277	1084
376	639
281	489
379	830
471	1114
399	700
494	1113
219	1156
336	822
574	987
399	700
204	1147
494	1113
383	671
423	845
398	990
550	900
395	1050
360	908
467	1060
399	700
357	921
520	1014
399	700
577	1055
479	1034
325	979
399	700
326	568
360	1025
329	1015
502	1081
383	671
323	1072
399	700
399	700
509	1044
380	863
372	764
357	804
310	729
236	1153
583	1067
509	1044
574	919
338	766
360	908
304	800
383	671
456	1060
481	1115
394	850
316	908
392	1054
356	804
507	1042
414	808
377	799
450	1015
196	563
399	700
346	927
414	808
313	1143
147	1170
508	1117
399	700
318	1055
520	1014
360	1025
479	832
451	782
460	1060
369	920
574	987
372	805
364	657
477	1040
334	825
211	1025
337	919
131	491
334	803
364	1099
383	671
360	908
128	1160
372	805
574	987
471	1050
399	700
355	1128
298	838
458	1059
310	729
415	994
310	729
563	1061
384	849
276	892
259	691
293	1085
451	782
381	1075
565	1052
231	529
350	932
525	1065
375	1102
299	838
167	1114
456	1004
423	845
360	908
523	1107
462	1063
221	544
374	1003
533	939
441	995
168	1117
509	1044
398	990
349	826
229	541
478	1052
539	1048
373	1121
452	1082
574	987
509	1044
402	957
399	822
219	1156
417	1040
399	700
423	845
356	928
448	1110
392	910
382	829
380	863
507	1116
248	1028
398	990
399	700
490	1120
231	529
411	1044
574	987
340	1091
467	1042
459	1008
375	941
325	979
360	908
441	952
233	1150
544	958
328	966
311	1007
187	1000
360	1025
423	845
462	1117
378	973
391	1106
379	1040
399	700
465	805
434	1063
451	782
423	845
574	987
394	1125
507	1117
411	702
520	1050
278	788
351	925
409	1114
584	1054
399	700
509	1044
423	845
360	908
357	1126
275	868
240	538
423	845
520	1014
379	653
423	845
355	926
520	1014
472	1108
398	990
574	987
360	1025
470	1113
518	1016
306	454
128	1176
399	700
480	1117
401	764
428	1068
205	1125
372	805
379	942
521	1112
372	805
532	892
384	1104
486	1082
271	862
206	559
423	845
393	1055
509	1044
296	801
219	1156
509	1044
236	1035
423	845
288	898
360	908
574	987
458	1054
519	1039
423	845
509	1044
477	1054
435	1070
580	1050
307	1050
375	1102
515	1067
423	845
574	987
350	1128
399	700
349	1128
354	971
457	1028
449	1058
304	1044
429	1008
491	1056
357	804
426	744
391	1101
259	1113
267	879
574	987
478	1007
474	1114
399	859
423	845
504	1021
311	909
303	825
482	1031
298	793
544	958
166	978
399	700
399	700
308	1041
436	1051
200	1021
284	832
570	916
431	979
326	568
220	556
399	700
465	805
399	700
428	1045
268	751
399	700
380	863
570	1065
360	908
219	560
360	908
414	808
301	788
581	956
564	976
399	700
351	930
398	1017
327	946
478	964
472	1071
428	1067
399	700
349	826
399	700
325	979
369	896
519	1039
380	863
319	1038
431	855
497	1090
280	855
327	930
428	1008
399	700
229	1043
544	958
399	700
356	843
328	824
403	858
358	942
598	929
360	908
423	845
477	1036
423	845
353	1124
219	1156
370	752
353	791
280	855
532	1046
273	869
399	700
402	937
319	1039
324	567
319	779
360	908
423	845
310	729
509	1044
423	845
219	1156
362	709
310	729
371	661
338	766
237	1154
372	944
414	808
389	834
519	1039
327	820
539	1048
325	979
477	1104
234	1160
326	568
382	1011
207	1020
423	845
385	943
318	1056
471	1086
360	1126
399	700
454	1037
523	1107
379	835
280	866
259	691
399	700
340	1000
307	1077
359	898
370	752
399	700
191	1092
473	1075
423	845
574	987
399	700
399	700
215	565
439	872
422	1063
570	1065
504	1021
399	700
372	805
360	908
400	877
360	908
374	650
231	529
509	1044
470	1037
165	1005
436	962
332	826
442	1072
574	987
219	1156
444	1061
324	567
363	658
185	545
362	1035
423	845
458	1054
423	845
196	551
372	805
341	928
423	845
311	1047
504	1021
326	568
360	908
390	906
313	945
225	1009
574	987
362	785
145	1148
360	908
284	1061
326	568
328	899
459	910
402	937
399	700
326	568
479	1055
417	1040
123	1182
332	936
373	942
240	538
331	822
240	538
399	700
261	481
451	782
308	393
326	568
398	851
574	987
378	973
314	793
463	920
259	691
562	903
383	671
507	1084
372	805
372	764
423	845
338	766
574	987
460	792
399	700
481	1056
401	764
280	855
372	764
302	1050
360	908
360	908
281	827
509	1044
280	855
123	1186
231	529
414	808
426	744
415	866
399	700
423	845
325	979
326	825
434	1062
252	686
465	805
457	1097
570	1065
360	908
214	546
423	845
360	908
219	1156
339	896
109	1186
236	1153
371	981
439	1044
399	700
519	1039
458	1045
399	700
328	944
362	1079
574	987
360	1025
471	1085
451	782
374	1012
326	568
437	1058
372	805
253	697
399	700
442	1114
342	1088
426	866
299	753
435	946
399	700
292	353
525	934
423	845
254	496
399	700
574	987
384	1103
394	886
327	930
574	987
231	529
320	1056
398	990
399	700
360	1025
447	730
504	1021
402	937
222	570
423	845
509	1044
493	844
487	1047
464	1037
461	1053
323	821
310	1044
451	782
351	1089
423	845
360	908
288	787
264	1033
239	843
399	700
426	744
327	944
493	1100
399	700
472	1082
372	805
252	686
340	656
349	826
355	795
486	1067
239	1041
348	1020
472	1084
570	916
342	879
294	1084
523	1107
466	1072
360	908
258	1039
308	1046
92	284
519	1039
478	1100
275	834
570	916
399	700
399	700
401	764
360	908
372	805
426	744
360	908
529	1034
509	1044
522	1065
251	850
423	845
373	642
380	863
487	1062
399	700
360	784
297	727
423	845
523	1067
289	904
431	855
380	863
295	834
185	552
199	557
314	356
324	567
413	1114
398	990
381	1010
211	929
399	700
415	993
432	1053
586	895
418	1066
469	1050
414	1109
423	845
360	908
459	1034
498	1035
310	729
399	700
352	1124
399	700
481	1005
280	855
388	702
375	1091
423	845
479	1117
310	729
399	700
399	700
379	830
324	567
346	834
309	1039
331	829
400	860
504	1081
240	538
443	1062
473	1076
301	536
423	845
303	1043
332	1058
338	844
423	845
414	808
360	908
325	979
269	534
360	908
356	929
520	1065
380	1043
423	845
288	852
485	1050
360	908
498	1047
316	1036
520	1014
425	771
332	825
463	1062
267	1038
182	1151
346	836
370	1079
372	805
377	911
423	845
466	990
457	1097
423	845
221	553
279	842
219	1156
289	837
399	700
109	1186
435	1060
356	669
299	753
597	915
399	700
347	920
231	529
531	1090
398	990
389	800
399	700
286	845
345	1126
360	908
399	876
350	931
280	855
409	1115
231	529
456	1119
399	700
202	880
453	1014
284	490
360	1025
482	1114
349	826
391	865
306	454
476	1062
299	753
240	538
423	845
290	790
303	831
399	700
370	752
324	567
567	909
399	700
327	926
473	1070
557	1058
471	1071
399	700
360	908
356	843
294	814
443	1041
372	764
308	393
225	573
526	1057
360	1025
309	833
300	486
512	1049
323	1074
497	1048
221	1024
423	845
461	925
423	845
524	957
332	922
421	1095
544	958
394	829
408	1130
327	930
399	700
487	1045
237	1154
394	1125
399	700
405	916
520	999
225	842
393	1102
202	601
485	934
494	1113
509	1044
434	1099
570	916
326	568
399	700
456	1038
470	948
520	1014
360	908
308	1047
349	826
280	855
375	636
360	908
337	900
278	784
399	700
520	1014
312	793
399	700
325	979
399	700
353	943
574	987
278	830
252	686
437	1086
306	454
423	845
310	833
412	1122
423	845
467	1029
364	1037
494	1113
280	855
398	858
380	863
330	826
462	1043
440	1113
325	979
349	1128
379	830
397	1030
405	1136
569	1068
360	908
569	973
229	1135
574	987
574	987
363	1037
398	990
356	843
451	736
360	908
360	908
326	568
398	990
416	840
351	1124
360	1025
435	1035
299	753
326	568
398	990
269	349
509	1044
524	1109
97	1180
350	1124
399	700
280	1032
399	700
399	700
399	700
360	1025
399	700
280	802
109	1187
422	966
515	1014
220	563
467	1041
360	1025
511	1049
338	983
458	1035
240	538
318	1055
470	1019
252	548
326	568
219	1156
379	830
520	1014
423	845
460	1116
370	638
421	1020
109	1186
324	567
537	1100
280	855
359	898
278	1115
399	700
399	700
574	987
451	1081
203	957
451	996
140	400
494	1113
360	1025
390	978
423	845
240	538
212	1021
372	805
350	943
423	845
360	1025
308	1078
359	1052
574	915
399	700
448	1056
372	805
282	636
326	568
465	805
360	1025
372	805
581	956
412	931
520	1014
303	1042
197	984
516	1108
399	700
526	1111
423	845
360	908
465	984
414	808
309	863
509	1044
399	700
378	973
211	1028
574	987
544	958
361	931
363	1128
257	1045
468	1041
574	987
519	1069
493	956
379	1133
157	1161
520	1014
299	753
280	855
355	790
524	957
329	1002
418	1046
574	987
195	1167
399	700
494	1113
492	1055
326	568
360	1025
475	1083
381	662
524	1065
399	700
508	926
530	1082
414	808
339	926
509	1044
190	1094
559	1053
385	1101
234	562
310	729
341	951
383	671
399	700
422	1066
485	1103
273	553
360	908
438	802
291	941
304	1051
509	1044
431	855
337	924
259	691
338	766
432	1071
423	845
470	1036
509	1044
200	555
360	908
438	995
379	830
388	840
399	700
423	845
324	567
435	969
310	1043
399	700
423	845
360	908
327	926
299	753
360	1025
240	538
392	980
422	1046
375	653
509	1044
462	1057
467	1060
490	1033
360	943
504	1021
360	908
314	866
399	700
356	1051
399	700
398	1019
482	1029
423	845
326	951
504	1021
407	1067
479	1095
349	826
532	1012
380	863
356	1023
240	1128
279	787
577	1079
467	905
325	979
224	395
463	1013
453	1021
475	1001
474	1104
574	908
224	395
280	855
399	700
399	700
312	907
455	1041
526	1111
432	1071
425	1018
399	700
509	1044
509	1044
341	927
324	567
485	1029
211	1022
130	1170
526	1032
509	1044
575	1075
537	1046
512	1049
574	987
325	979
467	1057
380	803
546	1059
383	671
423	845
423	845
302	1103
372	696
509	1044
423	845
280	855
338	922
483	1048
347	1059
399	700
399	700
399	700
423	845
423	845
326	568
301	789
201	562
475	1115
557	1090
501	1095
399	705
340	998
219	1156
438	1039
360	908
451	782
360	908
399	700
557	1062
338	766
170	1167
532	1046
328	407
399	700
209	1164
519	1039
463	1040
198	556
528	1034
383	671
322	842
399	700
379	792
289	488
398	990
346	373
280	855
280	855
504	1021
474	1116
366	988
399	700
399	700
324	567
299	753
326	568
240	538
399	700
509	1044
399	700
252	686
390	700
391	841
277	555
338	766
531	1053
509	1044
399	700
254	1025
311	1050
325	979
388	751
574	987
398	990
399	700
342	826
340	656
281	824
534	1030
349	826
341	822
399	700
558	941
437	1077
305	1045
305	1049
382	1075
399	700
306	454
399	700
134	1147
372	764
399	700
324	567
317	808
399	700
332	835
360	908
426	744
351	848
454	1066
235	1037
505	1121
504	1021
277	1083
453	1021
436	1061
348	956
484	1032
574	987
423	845
325	979
405	840
297	823
544	958
375	1102
326	568
360	908
430	986
544	958
349	783
557	1055
370	1030
325	979
399	700
360	908
398	990
501	857
326	568
399	700
409	1067
451	782
297	728
403	877
331	1001
399	700
562	1053
326	568
360	938
348	992
329	842
389	984
435	1029
382	1108
322	1131
312	1053
574	987
306	454
393	1108
513	1024
216	1018
539	1034
326	568
399	700
477	1116
306	454
399	700
400	1015
477	876
422	1066
354	940
311	1047
405	1136
582	1069
360	908
417	1114
357	804
420	1122
360	908
289	370
524	957
494	1041
464	1101
231	529
458	1054
493	1044
382	774
239	1126
109	1187
321	774
520	1105
271	520
372	805
446	975
324	567
212	1076
401	764
494	1113
472	1071
511	1046
517	921
374	705
415	1049
364	658
375	1102
274	877
556	1054
423	845
459	1048
335	817
370	752
459	1094
473	1054
252	686
399	700
310	729
360	908
418	1112
399	700
521	1104
462	1064
446	942
296	801
401	710
372	764
399	700
399	700
209	1025
334	829
360	908
285	487
326	568
299	753
310	729
308	393
301	1105
313	1039
399	700
324	567
304	797
423	845
372	805
447	1043
274	550
465	805
192	1094
326	568
281	831
231	529
454	1041
411	1121
451	782
574	987
362	1080
335	925
349	783
494	1113
445	1071
366	1028
399	700
380	863
399	700
400	1143
478	1026
361	788
501	1018
399	700
326	568
545	1079
333	868
499	1064
280	855
431	1058
326	568
274	851
240	538
423	845
372	805
349	1115
433	1071
399	700
444	1036
397	943
342	965
360	908
466	920
244	1028
340	835
399	700
403	875
277	1084
343	966
423	845
375	636
426	744
491	1010
451	782
252	686
360	908
399	700
290	1108
423	845
481	1018
360	908
225	573
424	1071
319	1056
451	782
423	845
509	1044
509	1044
276	1004
524	957
398	1019
268	1094
372	805
462	1063
399	700
416	1112
406	1064
382	929
423	845
372	805
338	766
395	832
582	1054
310	1046
444	1007
509	1044
280	855
345	933
465	983
360	1032
399	700
497	1044
337	872
219	546
539	1047
423	845
333	1069
519	1039
310	729
398	990
227	1042
528	913
395	946
399	700
109	1186
308	393
559	1054
132	1164
368	653
410	1120
534	1035
338	766
431	1036
345	933
372	805
263	1024
417	1040
360	908
399	700
401	764
372	805
370	791
423	845
437	1018
218	567
423	845
373	799
353	1002
423	845
306	1052
399	700
451	782
514	1039
448	1049
324	567
175	538
360	908
478	1034
409	1069
414	808
524	1054
423	845
313	791
360	908
312	817
346	1127
333	1004
483	1037
372	764
544	958
327	930
170	579
362	1060
399	700
360	908
359	936
509	1044
129	1158
514	1024
162	540
415	1109
417	1121
369	1065
333	1075
338	766
318	370
332	784
401	764
451	1015
421	1095
399	700
405	768
474	1083
324	567
360	908
319	1056
441	1045
461	1021
399	884
431	855
306	454
574	987
423	845
399	700
480	1028
399	700
417	1050
451	782
480	1030
332	857
372	805
308	393
372	805
326	568
372	805
404	1088
509	1044
399	700
312	1043
198	561
372	764
423	845
308	817
426	979
360	1025
321	1039
310	729
338	766
574	987
360	908
399	700
189	549
349	826
411	1109
252	686
517	1067
380	812
439	1028
399	700
381	939
391	841
481	1044
299	1106
457	998
299	1075
339	657
185	538
399	700
517	921
399	700
497	1089
400	900
479	1117
574	987
327	815
324	567
267	1043
475	1031
310	729
338	766
509	1044
423	845
194	1163
399	700
519	1039
570	916
418	1081
443	1079
326	568
308	393
520	1000
399	700
306	1047
519	1039
418	1054
512	1075
118	1170
426	744
296	790
324	567
509	1044
423	845
410	1115
583	1068
342	919
450	1118
423	845
329	1015
520	1014
431	855
423	845
423	845
468	1056
313	847
399	700
514	942
497	1048
504	1021
323	1025
360	908
246	642
341	812
191	558
360	908
398	990
509	1044
465	1053
544	958
277	778
292	758
416	987
509	1044
277	1092
278	832
519	1051
231	540
360	1025
370	615
574	987
520	1026
372	805
343	1089
372	764
281	548
574	915
301	840
337	998
387	959
360	908
465	805
517	921
509	1044
574	987
399	700
312	1143
477	1043
448	1057
544	958
432	1026
308	393
360	908
373	889
297	790
530	1015
423	845
387	944
231	529
412	1122
435	944
441	1115
341	812
465	1060
423	845
423	845
308	479
316	928
227	1143
415	1109
574	970
504	1079
423	845
304	1042
225	573
391	1109
358	791
350	1127
451	782
360	1025
240	538
306	454
387	1115
488	1037
240	538
509	1044
396	1014
336	817
423	845
291	757
455	1025
462	1094
477	1042
434	1089
399	700
345	1126
214	1018
508	999
231	529
509	1044
457	1022
389	1101
571	897
309	1088
423	845
546	995
349	936
327	930
588	945
326	568
401	1013
574	987
362	709
399	700
426	744
137	1161
473	1077
413	1046
201	851
488	1062
504	1021
276	837
457	998
310	729
372	805
468	1065
432	976
273	554
258	260
341	812
378	973
200	551
113	1201
423	845
561	973
448	1025
509	1044
574	987
324	567
544	958
395	1131
109	1187
360	908
360	1025
372	805
474	1036
544	958
372	764
378	973
303	803
509	1044
509	1044
375	892
280	855
325	979
362	709
252	686
306	454
517	1063
585	1053
372	805
467	1107
378	800
379	833
519	1039
399	700
414	808
497	996
360	908
489	916
378	973
500	1063
453	1052
324	567
389	1060
411	1121
195	1164
425	1086
586	910
300	824
494	1113
390	1087
509	1044
327	930
337	878
399	700
520	1014
359	898
399	700
399	700
360	908
274	879
399	700
378	973
509	1044
359	898
325	979
298	547
509	1044
427	868
544	958
311	1048
326	568
380	1011
372	764
470	1039
509	1044
242	555
476	1045
492	1044
399	700
509	1044
552	996
299	753
372	805
360	908
322	1058
441	1017
499	1035
369	694
393	889
289	904
285	1081
169	838
399	700
266	845
382	1074
504	1021
360	908
599	926
399	700
399	700
360	908
525	1029
306	1038
280	855
335	1048
257	1050
219	1156
203	848
294	827
357	797
417	1040
359	898
451	782
280	855
207	567
456	1053
396	1053
459	1052
547	918
392	1051
326	568
346	928
431	1033
550	963
509	1044
533	1068
467	1034
257	533
341	998
563	1054
399	700
366	1051
278	791
452	844
311	1066
297	1056
423	845
326	1005
431	855
360	908
360	908
430	1122
347	932
509	1044
597	916
423	845
201	1165
399	700
347	1058
401	1117
399	700
372	764
327	945
396	1106
509	1044
490	845
584	1055
277	1084
372	805
451	782
334	823
574	987
314	790
360	908
446	1043
489	1090
451	782
340	656
399	700
399	700
370	752
280	855
372	805
544	958
280	855
292	869
423	1079
399	700
302	1042
399	700
109	1186
329	936
423	845
451	782
509	1044
509	1044
523	1107
399	700
372	805
556	1066
364	787
509	1044
468	1014
400	820
323	991
401	893
483	961
481	1006
399	700
360	908
490	961
432	1085
372	764
372	805
338	766
423	845
181	582
399	700
224	395
362	709
399	700
432	1040
280	855
302	1044
387	945
423	845
360	908
380	885
301	1090
278	1112
547	993
360	908
520	1014
360	798
488	1032
178	1135
506	1117
520	1014
399	700
574	987
380	839
406	1059
426	744
472	1048
516	1070
239	1052
332	830
334	862
531	1032
581	956
252	686
383	671
252	686
372	805
478	1089
447	1043
432	1071
335	820
411	1118
198	1018
324	567
442	852
383	733
423	845
521	1066
320	1057
442	1000
235	1039
372	764
426	1068
303	582
260	1042
399	700
388	797
372	805
402	1018
366	916
491	1035
326	568
338	766
557	1053
239	527
357	943
325	789
324	567
273	518
399	700
360	908
360	908
252	686
437	812
399	700
379	830
527	990
426	744
360	908
381	1106
391	841
202	846
284	845
349	940
231	529
458	1054
304	811
305	1046
399	700
419	764
350	920
184	1012
399	700
360	908
300	840
267	1041
294	980
532	1046
423	845
493	1036
231	529
347	923
310	729
509	1044
363	790
569	973
442	1034
294	1030
399	700
372	805
240	538
479	1061
570	916
220	1130
360	908
360	1025
399	700
372	805
423	845
252	686
584	1052
423	845
423	845
426	1016
523	1065
493	1031
485	1069
398	990
390	1119
236	1127
299	753
468	1114
399	700
438	1008
554	1101
406	915
310	729
423	845
399	700
467	1032
306	1094
245	1140
292	1058
286	825
412	1122
281	663
401	764
254	546
492	912
360	908
423	845
477	1046
509	1044
399	700
399	700
316	1063
504	1082
352	676
399	700
216	351
326	568
357	774
431	1064
227	537
305	354
426	744
435	1071
317	812
421	1047
372	805
224	1033
441	851
306	823
361	1060
574	987
274	697
472	1042
349	826
574	987
274	523
126	1159
324	567
509	1044
278	1015
423	845
509	1044
360	908
170	1156
387	1104
472	1115
327	930
380	863
395	1025
310	729
423	845
289	1055
202	850
298	1097
509	1044
399	700
360	908
108	1184
502	1035
406	917
399	700
348	1019
231	529
426	744
431	855
389	893
469	1063
468	1043
358	1129
281	1106
341	826
370	647
398	990
257	841
363	999
299	753
239	527
372	805
375	984
324	1073
475	1039
423	845
443	848
399	700
517	921
291	856
122	1186
463	917
360	908
324	567
401	1114
423	845
509	1044
415	866
399	700
360	1025
393	797
386	869
423	845
569	1068
424	1024
493	1051
360	908
308	393
458	1054
399	700
509	1044
379	835
451	782
372	805
476	1027
298	823
286	1050
407	879
447	1041
252	686
255	496
509	1044
554	909
435	1089
211	561
399	700
306	454
336	810
360	908
216	559
333	1062
399	700
373	663
538	890
458	1054
470	1085
378	834
451	782
275	1024
465	1057
360	908
393	1092
314	476
376	666
360	1025
446	1067
356	843
524	1065
451	779
326	568
458	1054
286	1065
423	845
570	975
360	908
235	918
393	809
399	700
359	898
297	905
327	930
238	539
406	1070
362	709
449	1060
376	900
399	700
509	1044
269	1096
423	845
240	538
115	1182
416	986
561	978
431	855
574	987
299	798
379	830
219	1156
544	957
135	1014
187	545
268	1075
399	700
416	1104
519	1039
569	1084
360	908
282	823
231	529
320	1056
519	1039
324	567
399	700
458	1054
372	1070
310	729
586	916
310	729
423	845
231	529
194	1159
380	1106
299	1104
399	700
251	1117
363	804
248	1112
509	1044
563	1059
301	846
369	1032
330	816
451	782
504	1021
422	1066
324	567
521	1003
398	1053
399	700
213	1027
423	845
477	1105
504	1118
423	845
346	925
360	908
360	1025
390	830
520	1069
519	1039
326	1039
423	845
380	863
327	930
399	700
399	700
484	964
569	973
310	729
335	959
360	1025
372	805
278	1107
252	686
404	1129
339	1000
379	830
509	1044
475	1032
399	700
399	700
360	908
109	1186
391	923
392	1093
388	1114
325	789
372	764
372	805
417	1040
430	1013
486	1039
266	1013
495	1028
431	986
475	1116
296	204
359	1128
427	1051
201	1032
323	1117
451	782
360	1025
428	1065
451	1049
443	1099
451	782
240	555
201	1089
492	1052
362	1032
524	957
423	845
399	700
399	700
556	987
375	636
372	805
463	1064
326	568
373	661
472	811
293	1119
222	1118
544	958
324	567
280	855
490	969
262	1044
360	908
453	1021
423	845
423	845
306	454
360	908
252	686
240	538
509	1044
524	1053
404	1137
312	1032
509	1044
365	933
308	393
461	1026
333	832
360	908
451	782
398	872
406	771
372	764
463	1090
326	568
254	553
327	827
517	921
360	908
326	568
360	908
312	1142
408	1059
494	1113
399	700
443	1062
360	908
374	801
426	744
423	845
414	808
326	568
423	845
520	1014
399	700
544	958
323	1074
360	908
353	953
582	1050
267	1032
460	1005
396	1126
423	845
276	892
252	686
327	926
308	1078
399	700
465	1056
399	700
308	393
398	990
333	826
354	1033
404	912
299	753
574	987
299	753
399	700
392	923
167	1115
583	1067
328	966
239	527
501	1047
562	1079
278	774
399	700
194	1151
403	884
401	792
484	1068
509	1044
392	799
324	567
382	828
465	805
399	700
405	1128
380	863
520	1014
265	751
371	1099
399	700
417	1040
310	819
351	1107
372	805
262	537
423	845
460	1007
399	700
399	700
369	799
375	1102
433	1053
423	845
399	700
221	1030
404	1094
400	790
404	1129
186	546
451	782
450	1036
401	764
360	1025
492	910
399	700
466	1029
193	534
360	1106
339	923
207	1030
435	1032
393	1091
399	700
195	1165
487	1064
192	1017
360	908
403	878
471	1115
574	987
360	908
379	832
347	923
423	845
398	990
290	835
423	845
382	655
423	845
485	1042
386	783
280	855
423	845
451	782
379	830
423	845
399	700
297	1054
412	931
370	658
399	700
330	940
395	1087
504	1021
509	1044
337	814
522	957
404	816
509	1044
481	1048
404	925
360	908
304	1009
588	894
407	705
447	1043
465	1071
423	845
554	1004
544	958
359	898
433	1039
574	915
109	1187
457	1024
349	826
422	1066
279	778
231	529
399	700
378	1041
399	700
356	843
372	764
326	568
475	1029
360	908
509	1044
398	990
544	958
451	782
407	822
326	568
544	958
278	1113
360	1025
326	568
334	880
334	874
430	1049
221	913
324	567
199	976
374	955
451	782
509	1044
484	1082
350	1128
574	987
249	544
399	700
239	527
111	1175
394	706
360	908
402	1013
361	793
324	567
299	753
210	1165
360	1025
350	779
423	845
223	1011
544	958
327	930
509	1044
326	568
337	895
433	1071
399	700
288	855
400	1016
391	815
399	700
506	1120
423	845
360	1025
574	987
384	1106
443	1040
500	1034
326	568
372	764
288	830
423	845
458	1054
544	958
494	1113
280	824
196	1088
423	845
399	700
466	1071
372	805
306	454
395	692
423	845
426	1023
423	845
390	827
298	381
360	908
377	799
125	1181
281	840
275	1033
432	1071
113	1177
434	986
354	796
378	973
306	454
569	973
399	700
402	957
378	909
278	1032
369	659
258	1045
268	1028
598	918
326	568
351	953
481	1061
470	1058
465	805
403	1104
331	872
287	982
418	1120
231	529
399	700
276	1006
372	805
382	1099
574	987
407	1122
383	671
317	808
455	1033
236	1039
324	567
324	567
302	1104
509	1044
426	744
323	1074
474	1113
422	1066
481	1048
360	908
389	1011
209	557
178	983
219	1156
372	805
444	1062
520	1014
509	1044
544	958
423	845
300	810
310	1048
314	813
423	845
356	843
528	1109
356	1128
423	845
399	700
326	568
399	700
582	1050
280	855
109	1186
379	830
505	1093
431	1028
372	805
423	845
431	855
451	782
339	834
167	1113
340	826
519	1039
335	862
375	636
200	366
299	753
256	1025
415	840
263	1009
423	845
391	841
264	527
335	919
263	1044
389	804
574	915
360	908
399	700
423	845
451	782
423	845
483	1047
420	901
509	1044
112	1192
405	836
353	923
399	700
222	658
524	1056
372	764
399	700
451	782
206	939
433	952
563	911
574	987
456	1009
357	804
423	845
357	804
509	1044
276	826
486	1054
422	1066
431	986
399	700
134	1015
382	850
399	700
380	823
336	922
400	870
451	782
329	848
390	1012
317	1039
417	1040
372	805
400	1016
508	1118
399	700
372	805
360	908
477	948
475	1077
360	908
441	1120
360	1025
347	1059
509	1044
503	1073
338	766
399	700
326	568
479	1054
360	1025
338	845
451	782
465	1088
276	828
459	1031
423	845
436	1021
399	700
435	1030
423	845
376	954
546	994
305	1110
507	1043
324	567
337	1132
399	1016
500	1100
451	782
371	685
492	1120
344	1127
354	926
579	1068
452	791
349	826
423	845
428	982
399	700
458	1054
509	1044
434	1050
360	908
509	1044
289	757
447	937
570	916
466	1115
376	780
330	1063
356	843
295	607
417	1014
285	810
402	937
583	1072
109	1186
306	828
232	345
398	990
423	845
485	1037
231	529
509	1044
372	805
348	922
379	837
360	908
323	818
303	817
402	937
165	983
269	746
574	987
194	1165
466	1054
494	1001
401	764
358	922
360	908
509	1044
483	1049
344	944
280	855
399	700
399	700
310	729
208	550
423	845
414	808
252	1036
523	1107
352	676
509	1044
391	1109
398	990
509	1044
513	1078
341	812
198	1162
219	1156
399	700
327	930
362	1036
372	805
465	1116
295	833
517	1031
372	805
253	1078
360	1025
559	978
357	671
338	766
321	1020
360	908
399	700
353	926
326	875
360	908
423	845
383	671
356	927
426	744
509	1044
399	700
423	845
411	988
240	538
574	987
597	927
452	844
353	847
574	987
523	1053
447	1076
401	764
506	1063
271	544
303	832
380	863
471	1039
246	642
399	700
509	1044
442	851
349	826
265	1022
399	700
278	1058
248	495
399	700
399	700
399	700
423	845
257	1025
399	700
423	845
399	700
360	908
517	921
399	700
398	990
405	1059
261	1038
423	845
341	926
379	830
360	1025
505	947
509	1044
399	700
302	792
528	1109
347	954
204	1022
227	1146
326	568
319	826
414	1109
446	1061
423	845
372	800
326	568
423	845
252	686
406	1060
458	1054
195	1028
546	1058
527	1066
432	1071
399	700
197	838
395	1103
324	567
509	1044
340	932
520	1014
360	1025
423	845
360	1025
259	691
308	393
423	845
399	700
341	992
375	786
356	1129
509	1044
252	686
363	944
509	1044
352	926
324	567
375	789
407	1115
398	990
340	920
565	915
399	700
520	1014
226	838
467	1060
494	1113
316	1039
505	947
473	812
509	1044
398	946
423	845
360	908
458	1054
348	977
292	1050
451	782
574	987
423	845
431	855
451	782
451	782
380	797
188	1162
509	1044
520	1065
341	812
240	1147
478	1037
519	1039
462	921
302	1001
174	1151
324	819
360	908
310	729
260	655
360	908
360	908
458	1036
263	1049
197	1088
475	1083
337	780
509	1044
423	845
375	636
544	958
399	700
451	782
460	1064
460	1117
383	671
231	842
380	863
509	1044
512	1092
395	943
310	729
360	1025
360	908
423	845
272	746
451	782
422	1066
350	930
353	927
307	1038
411	754
219	1156
423	845
399	700
574	987
520	1014
399	700
399	700
471	1046
398	990
399	700
399	700
423	845
360	908
509	1044
566	1084
349	826
360	908
326	568
389	800
390	843
219	1156
203	889
523	1107
416	1015
392	1097
338	829
406	1069
399	700
520	1014
360	908
574	987
239	527
289	833
360	908
274	877
356	843
441	1038
341	814
412	931
231	529
188	669
360	908
480	1047
343	1089
384	1101
325	979
583	957
574	987
360	908
319	1074
355	1125
336	809
305	1042
202	583
372	805
405	1120
224	395
423	845
345	909
534	1057
297	803
232	1149
399	700
509	1044
399	700
495	955
372	805
280	855
324	567
310	729
201	1163
470	1010
406	919
574	987
399	700
372	805
455	1029
423	845
432	932
282	828
331	874
407	916
509	1044
574	987
426	744
519	1039
426	744
451	782
480	1046
399	700
310	729
360	908
451	782
494	1113
399	700
438	957
576	985
338	1033
126	1187
398	990
335	922
324	567
399	700
439	1057
505	1048
391	841
423	845
423	845
423	845
423	845
451	782
431	855
306	454
451	782
382	1074
463	1042
532	1046
458	790
584	1053
423	845
465	1043
423	845
378	1102
426	744
432	1071
240	538
455	1095
469	1036
583	1055
399	700
498	1066
278	783
519	949
431	855
331	1066
335	923
297	777
509	1044
423	845
360	908
490	1037
360	1025
326	568
263	1021
399	700
382	1074
280	855
352	1129
360	908
417	1040
262	1010
426	744
343	1127
423	845
574	987
345	1127
488	912
372	805
375	1052
519	1039
399	700
322	1072
286	947
196	547
261	481
432	1071
360	1025
474	1078
399	700
275	1034
360	1025
375	636
381	1074
509	1044
509	1044
544	1079
423	845
574	915
352	956
447	1070
109	1186
451	782
280	855
353	1121
267	1040
399	700
186	600
399	700
470	1055
399	700
152	1153
234	541
422	1098
574	987
462	1116
248	1027
423	845
372	805
476	1072
343	1089
358	943
423	845
257	517
399	700
520	1014
360	908
269	834
331	814
357	804
329	824
324	567
364	902
190	1094
540	1086
165	992
280	855
399	700
380	863
362	709
453	1021
360	908
451	782
360	908
85	1190
419	1069
281	518
399	700
440	918
399	700
348	933
425	956
509	1044
399	700
326	875
418	1121
399	700
207	1027
360	908
430	1010
421	1095
277	1071
399	700
390	839
504	1021
261	1050
399	700
504	1021
414	1046
523	1084
466	1057
354	1086
530	1032
369	1059
363	999
358	974
409	1121
445	1038
399	700
326	568
372	805
509	1044
399	700
386	926
280	855
311	1046
274	1026
332	842
315	914
200	1164
363	785
508	1076
546	1078
381	873
360	908
574	987
399	700
569	910
405	997
393	1108
235	1162
229	1038
399	700
362	709
399	700
553	882
482	1041
509	1044
432	1051
509	1055
383	671
442	1062
285	744
303	1044
399	700
326	568
477	1030
225	573
477	1116
470	889
513	980
514	1026
444	848
109	1186
417	1015
280	855
331	784
432	1116
399	700
458	1054
362	709
431	1082
372	805
391	841
308	393
375	1097
289	1103
195	1082
460	792
399	700
416	1083
423	845
385	661
404	1058
326	568
399	700
509	1044
252	686
337	929
494	1113
375	636
326	568
460	792
310	1045
407	909
417	1045
505	1117
305	803
399	700
421	1020
359	1036
452	995
203	566
326	568
360	908
446	1042
505	1059
423	845
326	568
509	1044
583	1053
360	1025
509	1044
302	1122
140	1145
422	958
379	830
398	990
581	956
430	1056
194	1166
399	700
231	529
213	1023
372	764
322	819
315	793
565	1054
448	731
370	752
298	692
425	1124
272	853
378	973
372	764
187	582
581	956
574	987
349	826
372	805
372	764
189	882
261	1043
416	988
279	1115
423	845
423	845
458	1054
377	646
349	826
360	1025
231	529
372	805
423	845
509	1044
451	782
360	908
355	669
391	1108
423	845
501	1079
471	1071
109	1186
337	872
360	1025
423	845
426	866
409	1068
399	700
373	654
400	954
544	958
426	744
399	700
326	568
299	753
546	1079
324	567
360	908
399	700
114	1201
398	990
423	845
109	1186
399	700
471	1008
324	567
129	1175
208	1020
325	979
231	529
375	1102
498	1064
310	1044
186	545
279	790
399	700
308	393
559	1063
518	1083
252	686
441	1040
347	954
561	978
399	700
423	845
271	946
263	1042
325	826
399	700
372	805
416	1109
384	882
360	908
445	1063
360	908
196	1008
470	1001
322	792
372	805
385	1101
321	813
418	1066
352	676
266	499
360	908
509	1044
451	1011
252	686
423	845
410	1051
451	782
399	700
423	845
509	1044
531	1032
404	996
324	567
399	700
93	1189
509	1044
386	658
441	1054
259	691
396	1125
399	700
401	876
333	774
375	1102
509	1044
466	1059
451	782
452	844
399	700
398	990
264	535
401	764
305	1051
329	1003
505	1079
423	845
508	1051
399	700
462	985
423	845
338	766
391	697
326	568
312	854
399	700
399	700
232	1172
423	845
248	1019
399	700
337	878
326	568
488	1042
475	1047
399	700
519	1039
574	987
351	919
343	927
398	990
561	1062
299	753
399	700
280	855
464	921
467	1051
261	481
310	729
163	1001
324	567
264	1043
402	937
532	1046
399	700
360	1025
423	845
360	908
337	1048
489	1024
360	908
325	979
349	826
541	1063
494	1113
463	1036
235	577
382	834
306	454
491	1012
111	1180
465	805
238	543
496	1042
360	908
426	744
318	834
360	1025
459	1018
477	1030
464	958
398	868
391	976
399	700
423	940
350	1127
407	1070
360	908
422	1066
451	782
355	1075
419	764
331	1065
399	700
438	955
175	1151
280	855
517	1016
399	700
326	568
240	1129
447	1061
423	845
465	805
432	1063
432	1062
432	1071
453	1055
509	1044
423	845
191	559
399	700
194	1162
372	805
378	671
360	1025
567	1083
403	1143
382	928
568	1084
409	1009
448	848
405	913
451	782
318	1039
360	908
370	918
261	1043
401	1018
252	686
399	700
324	567
380	863
227	541
301	1045
165	261
458	1054
442	1022
372	805
399	700
423	845
360	908
360	908
299	753
512	974
544	958
530	990
446	1043
353	942
423	845
442	1072
381	661
473	1049
312	1067
570	916
479	1018
292	592
574	987
299	753
570	916
360	908
468	1044
409	1115
538	997
268	526
325	979
324	567
360	908
528	1054
412	1037
393	1110
231	499
288	1013
509	1088
570	916
519	1039
326	568
383	1075
360	1025
96	1189
309	1077
476	1037
310	729
252	686
340	932
352	676
399	700
372	805
455	1057
574	987
314	541
509	1044
233	1160
360	1025
326	568
137	1181
301	1043
467	1045
509	1044
326	568
532	1046
360	908
423	845
414	808
360	908
466	1040
372	805
399	700
485	1081
393	1102
326	568
377	669
423	845
544	958
561	1062
252	1136
360	908
399	700
400	916
421	1046
574	987
372	764
399	700
482	1038
392	989
399	700
388	867
372	805
378	973
451	782
344	934
310	729
452	859
319	1056
132	1164
236	553
509	1044
399	700
114	1182
375	1026
323	1074
520	1054
423	845
519	1039
569	910
308	393
422	1066
528	1109
292	1024
191	863
399	700
567	913
340	928
525	1053
459	1114
324	567
464	1116
305	803
360	908
326	568
308	393
399	700
417	1040
432	1071
509	1044
305	1049
574	987
399	700
226	1177
574	987
221	545
458	1040
509	1044
276	892
399	700
326	568
423	845
427	958
399	700
399	700
399	700
525	1108
215	565
327	930
360	908
415	1114
399	700
407	1058
383	671
298	791
350	924
360	908
423	845
406	769
386	869
423	845
358	1116
299	753
461	1032
334	932
360	908
366	988
252	686
451	782
399	700
426	1085
475	1045
439	1116
399	700
244	1124
423	845
468	899
570	916
574	987
520	1014
399	700
570	916
423	845
423	845
400	917
467	1115
399	700
324	567
548	978
280	855
394	915
389	1110
370	752
348	1127
207	1028
294	758
451	782
278	833
360	908
323	1074
223	562
389	978
399	700
504	1021
241	872
324	567
509	1044
326	568
338	766
240	538
535	1098
308	393
504	1021
253	685
399	700
356	843
544	958
360	908
323	1074
423	845
513	945
399	810
360	908
399	700
311	355
301	1104
231	529
402	1113
426	744
326	568
297	982
325	1100
520	1014
256	1053
382	887
307	1047
326	568
399	700
359	1034
255	1121
246	534
325	979
289	904
289	904
344	354
532	958
435	1021
354	792
399	700
277	827
399	700
311	1142
222	1172
399	700
360	908
431	855
423	845
451	782
480	1095
362	1080
509	1044
399	700
349	826
421	1095
372	764
257	537
259	691
388	1011
448	841
360	1025
312	794
509	1044
310	729
399	700
399	700
380	863
499	1033
308	393
509	1044
301	815
288	370
398	990
416	1045
399	700
470	1051
513	1014
422	1066
399	700
524	1048
255	1034
280	855
132	1164
399	700
394	1022
417	1121
326	568
509	1044
252	686
360	908
377	652
574	987
398	990
310	729
343	864
270	1127
166	1114
399	700
384	890
399	700
350	1128
477	1047
451	736
387	910
295	1008
574	987
399	700
272	479
434	969
445	1069
451	782
324	567
477	1115
472	1069
473	1104
299	753
219	1156
399	700
307	835
360	1025
381	1108
470	1090
334	822
574	987
375	1102
324	567
509	1044
324	567
326	568
423	845
471	905
399	700
519	1039
474	1116
360	1035
399	700
400	1118
400	901
325	979
362	668
523	1107
492	1094
523	932
360	1025
399	700
492	1034
277	1060
399	700
390	1098
231	529
267	879
409	1096
370	752
509	1044
396	946
399	700
401	764
423	845
416	1106
380	863
509	1044
359	898
505	1118
327	930
229	1154
509	1044
576	1079
324	567
375	792
360	908
259	1107
511	1048
399	700
240	1133
324	1053
360	1025
323	807
423	845
233	1147
325	830
333	921
373	665
451	782
338	766
399	700
360	1025
360	1089
448	1118
509	1044
423	845
360	908
444	1118
423	845
379	684
347	934
423	845
276	892
360	908
299	753
272	860
280	855
562	890
219	1091
545	1078
372	805
310	729
314	1053
423	845
423	845
401	1114
310	729
300	815
465	805
286	1051
252	686
372	654
360	1036
360	908
252	686
423	845
417	1044
201	552
478	1049
326	568
327	413
456	1054
399	700
405	1008
393	1008
326	568
434	1067
316	821
372	764
109	1186
399	700
451	782
389	906
476	1045
327	926
204	848
399	700
360	908
377	780
354	1127
245	645
408	1028
360	908
372	805
446	1029
438	1050
360	908
254	1032
388	1114
415	1109
505	1053
399	700
399	700
510	900
311	1067
299	753
458	1054
376	902
509	1044
451	782
304	1046
363	785
311	1040
326	568
504	1111
326	568
178	589
399	700
360	908
338	766
308	393
212	555
416	1015
252	1027
423	845
324	567
159	1020
241	1108
109	1186
184	981
306	454
479	1043
388	751
477	1079
320	1012
334	923
445	1024
323	794
473	1063
109	1186
391	841
331	1063
423	845
371	653
312	1039
